Scaling equations	6.4966*x-6.2646	6.3877*x-6.2031	6.4541*x-6.1727	6.4865*x-6.2161	6.4136*x-6.1333	6.4099*x-6.1522	x	x
Timestamp	Analog channel 0	Analog channel 1	Analog channel 2	Analog channel 3	Analog channel 4	Analog channel 5	Analog channel 6	Analog channel 7
2019.12.12 11:54:02.806	0.974072	0.979659	0.964212	0.992477	0.970128	1.056567	-0.002067	-0.002067
2019.12.12 11:54:03.056	0.970785	0.977358	0.961254	0.987218	0.966841	0.997078	-0.001409	-0.001409
2019.12.12 11:54:03.306	0.971442	0.979659	0.958953	0.996750	0.940219	1.022057	-0.002067	-0.002067
2019.12.12 11:54:03.556	0.969142	0.976372	0.962897	1.006281	0.979988	0.971771	-0.002395	-0.002067
2019.12.12 11:54:03.806	0.966512	0.982617	0.957310	1.037833	0.956981	0.977687	-0.002067	-0.001738
2019.12.12 11:54:04.056	0.968156	0.981960	0.958624	1.083846	0.962897	0.989848	-0.002067	-0.002724
2019.12.12 11:54:04.306	0.967170	0.980316	0.964212	1.082203	0.988533	0.968156	-0.002067	-0.002067
2019.12.12 11:54:04.556	0.972757	0.975386	0.958624	1.066098	0.975058	0.965855	-0.001738	-0.002067
2019.12.12 11:54:04.806	0.970128	0.980316	0.963226	1.039476	0.988204	0.970128	-0.002067	-0.002067
2019.12.12 11:54:05.056	0.975715	0.980316	0.957638	1.024029	0.959282	1.010554	-0.001409	-0.001738
2019.12.12 11:54:05.306	0.970128	0.983274	0.963226	1.010882	0.973414	1.034875	-0.002067	-0.002067
2019.12.12 11:54:05.556	0.971114	0.979988	0.957967	1.002337	0.962897	1.037176	-0.002067	-0.002067
2019.12.12 11:54:05.806	0.971114	0.984589	0.957638	0.994449	0.965526	1.085161	-0.001738	-0.002067
2019.12.12 11:54:06.056	0.976044	0.973743	0.960596	0.993134	0.956324	1.052294	-0.001738	-0.001738
2019.12.12 11:54:06.306	0.967498	0.978344	0.962897	0.981631	0.990176	1.006938	-0.002067	-0.001738
2019.12.12 11:54:06.556	0.969470	0.981302	0.952380	0.988862	0.943835	1.038819	-0.001409	-0.001738
2019.12.12 11:54:06.806	0.966841	0.982288	0.958624	0.976044	0.964540	1.019756	-0.001738	-0.002067
2019.12.12 11:54:07.056	0.968156	0.982288	0.956324	0.980645	0.955666	0.995764	-0.002067	-0.002067
2019.12.12 11:54:07.306	0.964212	0.976044	0.962568	0.977030	0.974072	0.973414	-0.001738	-0.002067
2019.12.12 11:54:07.556	0.967827	0.980316	0.961911	0.989190	0.981631	0.950079	-0.002067	-0.002067
2019.12.12 11:54:07.806	0.962897	0.985246	0.960268	1.020742	0.975058	0.926744	-0.002067	-0.001738
2019.12.12 11:54:08.056	0.969470	0.975386	0.964212	1.057224	1.004966	0.956324	-0.002067	-0.001738
2019.12.12 11:54:08.306	0.976372	0.970785	0.962240	1.112111	0.985246	0.987547	-0.002067	-0.001738
2019.12.12 11:54:08.556	0.974400	0.977358	0.958624	1.135775	0.985575	1.006938	-0.001738	-0.001738
2019.12.12 11:54:08.806	0.977687	0.977358	0.960596	1.137419	0.956324	1.039805	-0.002067	-0.002067
2019.12.12 11:54:09.056	0.965526	0.980645	0.961582	1.092063	0.982288	1.025672	-0.001738	-0.001738
2019.12.12 11:54:09.306	0.968484	0.981960	0.956324	1.045064	0.962897	1.009896	-0.001738	-0.001738
2019.12.12 11:54:09.556	0.970128	0.975715	0.966184	0.995764	0.947450	1.084504	-0.001738	-0.001738
2019.12.12 11:54:09.806	0.968156	0.983932	0.959610	0.974072	0.969799	0.998393	-0.002395	-0.002067
2019.12.12 11:54:10.056	0.973414	0.974400	0.961911	0.975058	0.948436	1.100937	-0.002067	-0.002067
2019.12.12 11:54:10.306	0.966841	0.983603	0.955666	0.969799	0.964540	1.038162	-0.002067	-0.002395
2019.12.12 11:54:10.556	0.965198	0.983932	0.960925	0.967170	0.985575	1.005624	-0.001738	-0.002067
2019.12.12 11:54:10.806	0.968156	0.982617	0.960596	0.984589	0.963554	1.015812	-0.001409	-0.002067
2019.12.12 11:54:11.056	0.972100	0.971442	0.961582	0.993463	0.970128	1.002337	-0.002067	-0.001738
2019.12.12 11:54:11.306	0.969799	0.980645	0.958624	1.007267	0.965855	0.988862	-0.002067	-0.001738
2019.12.12 11:54:11.556	0.969142	0.978673	0.957967	1.026001	0.961582	1.031588	-0.002067	-0.001738
2019.12.12 11:54:11.806	0.971442	0.975058	0.961582	1.036518	0.975386	0.976044	-0.002067	-0.001738
2019.12.12 11:54:12.056	0.970785	0.978673	0.958296	1.034218	0.972757	0.976044	-0.002067	-0.001409
2019.12.12 11:54:12.306	0.970785	0.978673	0.962897	1.041448	0.966841	1.005295	-0.002395	-0.002067
2019.12.12 11:54:12.556	0.969142	0.978344	0.957638	1.027316	0.984589	0.981302	-0.002067	-0.001738
2019.12.12 11:54:12.806	0.968156	0.981302	0.960925	1.009239	0.954023	1.033889	-0.001738	-0.001738
2019.12.12 11:54:13.056	0.968484	0.980974	0.956652	0.988204	0.981302	1.015484	-0.001738	-0.001738
2019.12.12 11:54:13.306	0.971442	0.980316	0.960596	0.985246	0.962240	1.056896	-0.001738	-0.001738
2019.12.12 11:54:13.556	0.967170	0.982946	0.960596	0.987876	0.982617	1.011868	-0.002067	-0.002067
2019.12.12 11:54:13.806	0.974729	0.977687	0.960268	1.000365	0.958953	1.039476	-0.002067	-0.002067
2019.12.12 11:54:14.056	0.967170	0.982288	0.958624	0.999708	0.977687	0.987876	-0.002067	-0.001738
2019.12.12 11:54:14.306	0.975715	0.976701	0.961254	1.013183	0.963883	0.988533	-0.002067	-0.001738
2019.12.12 11:54:14.556	0.971771	0.982288	0.959610	1.023700	0.962240	1.004966	-0.001738	-0.002067
2019.12.12 11:54:14.806	0.969799	0.980316	0.961582	1.022714	0.972428	0.997407	-0.002067	-0.001738
2019.12.12 11:54:15.056	0.970456	0.978673	0.960925	1.027316	0.968484	0.996092	-0.002067	-0.001738
2019.12.12 11:54:15.306	0.965855	0.981631	0.959282	1.020085	0.965855	1.023043	-0.001738	-0.001738
2019.12.12 11:54:15.556	0.974072	0.980974	0.959939	1.002008	0.957310	1.042434	-0.001738	-0.001738
2019.12.12 11:54:15.806	0.968156	0.977358	0.963883	0.999708	0.982617	1.030602	-0.002395	-0.001409
2019.12.12 11:54:16.056	0.971114	0.980645	0.960596	1.024029	0.962240	1.032574	-0.002067	-0.001409
2019.12.12 11:54:16.306	0.968813	0.977687	0.960268	1.032574	0.985246	0.991820	-0.002067	-0.002067
2019.12.12 11:54:16.556	0.967170	0.978673	0.960596	1.037504	0.978673	0.973743	-0.001738	-0.001738
2019.12.12 11:54:16.806	0.971771	0.979330	0.960596	1.023372	0.977030	0.994120	-0.002067	-0.001738
2019.12.12 11:54:17.056	0.970128	0.977687	0.964212	1.010882	0.984918	0.974400	-0.001409	-0.001738
2019.12.12 11:54:17.306	0.971771	0.976701	0.964869	1.006938	0.981960	0.976044	-0.002395	-0.002067
2019.12.12 11:54:17.556	0.966841	0.979002	0.957310	1.011868	0.983274	0.976372	-0.001738	-0.001738
2019.12.12 11:54:17.806	0.968813	0.979330	0.958296	1.017456	0.968156	1.004309	-0.002067	-0.001409
2019.12.12 11:54:18.056	0.970456	0.977687	0.957310	1.023043	0.970128	0.997407	-0.002067	-0.002395
2019.12.12 11:54:18.306	0.971114	0.978016	0.962240	1.024686	0.972757	1.011540	-0.001738	-0.002067
2019.12.12 11:54:18.556	0.966512	0.978673	0.960596	1.026001	0.956981	1.074315	-0.002067	-0.001738
2019.12.12 11:54:18.806	0.971771	0.984918	0.957638	1.020742	0.972428	1.033232	-0.001738	-0.002395
2019.12.12 11:54:19.056	0.968484	0.973086	0.964212	1.006281	0.978673	1.049665	-0.002067	-0.001738
2019.12.12 11:54:19.306	0.969470	0.980974	0.958624	1.023372	0.968484	1.047364	-0.001738	-0.001738
2019.12.12 11:54:19.556	0.971442	0.979002	0.960268	1.037176	0.963226	1.021400	-0.001738	-0.001409
2019.12.12 11:54:19.806	0.968156	0.979330	0.965198	1.044735	0.967498	0.992806	-0.001738	-0.001738
2019.12.12 11:54:20.056	0.971771	0.978016	0.960268	1.059196	0.975058	0.968813	-0.001738	-0.002067
2019.12.12 11:54:20.306	0.971114	0.980316	0.959610	1.063140	0.958296	0.999379	-0.002067	-0.002067
2019.12.12 11:54:20.556	0.968813	0.974400	0.962897	1.035861	0.971114	0.984260	-0.001738	-0.001738
2019.12.12 11:54:20.806	0.971114	0.977687	0.963883	1.003652	0.958953	0.992806	-0.002067	-0.001738
2019.12.12 11:54:21.056	0.970128	0.980974	0.961582	0.984260	0.974072	0.976044	-0.002067	-0.002067
2019.12.12 11:54:21.306	0.969470	0.979330	0.956652	0.981631	0.969470	1.012526	-0.002067	-0.002067
2019.12.12 11:54:21.556	0.968813	0.979988	0.957310	0.985246	0.969799	1.044078	-0.001738	-0.001738
2019.12.12 11:54:21.806	0.973414	0.976044	0.959939	1.001680	0.967498	1.102580	-0.001738	-0.001738
2019.12.12 11:54:22.056	0.971771	0.977687	0.960596	1.013840	0.981302	1.077273	-0.002395	-0.001738
2019.12.12 11:54:22.306	0.968484	0.984918	0.954680	1.037833	0.963226	1.021400	-0.001738	-0.001738
2019.12.12 11:54:22.556	0.970456	0.975386	0.963883	1.042763	0.990176	0.986561	-0.001738	-0.001738
2019.12.12 11:54:22.806	0.969799	0.979330	0.960268	1.023372	0.967827	0.994449	-0.001738	-0.001738
2019.12.12 11:54:23.056	0.969799	0.984260	0.956324	0.997078	0.957638	0.980645	-0.002067	-0.002067
2019.12.12 11:54:23.306	0.969142	0.984918	0.958296	0.981302	0.979659	0.950408	-0.002067	-0.001738
2019.12.12 11:54:23.556	0.969470	0.973414	0.964212	0.986890	0.978344	0.989190	-0.001738	-0.001738
2019.12.12 11:54:23.806	0.965526	0.987218	0.964540	0.986232	0.991491	0.934961	-0.001738	-0.001409
2019.12.12 11:54:24.056	0.970785	0.981960	0.959610	1.005952	0.959282	1.002994	-0.001738	-0.001738
2019.12.12 11:54:24.306	0.970785	0.986561	0.960268	1.015812	0.970785	0.993792	-0.002067	-0.002067
2019.12.12 11:54:24.556	0.975058	0.979659	0.965526	1.029616	0.960268	1.049336	-0.002067	-0.002067
2019.12.12 11:54:24.806	0.966184	0.983932	0.958953	1.028630	0.994449	0.988204	-0.002067	-0.002067
2019.12.12 11:54:25.056	0.972757	0.973414	0.961582	1.057553	0.970785	1.023700	-0.002067	-0.001738
2019.12.12 11:54:25.306	0.964212	0.984918	0.960596	1.043092	0.993134	0.958624	-0.002067	-0.001738
2019.12.12 11:54:25.556	0.974729	0.973086	0.961911	1.024686	0.971442	1.005295	-0.001738	-0.002067
2019.12.12 11:54:25.806	0.966184	0.978016	0.962240	1.003323	1.018113	0.943177	-0.001409	-0.001738
2019.12.12 11:54:26.056	0.974400	0.972757	0.961254	1.015155	0.981960	0.976044	-0.001738	-0.002395
2019.12.12 11:54:26.306	0.970128	0.978673	0.961582	1.022386	0.976044	1.013183	-0.002067	-0.001738
2019.12.12 11:54:26.556	0.971114	0.980974	0.958296	1.019099	0.971442	1.021400	-0.001409	-0.002067
2019.12.12 11:54:26.806	0.971114	0.971442	0.961254	1.002008	0.963554	1.106196	-0.001738	-0.002067
2019.12.12 11:54:27.056	0.968813	0.985246	0.955338	0.994778	0.968156	1.078259	-0.001738	-0.001738
2019.12.12 11:54:27.306	0.974729	0.973414	0.961911	0.997078	0.957967	1.109811	-0.001738	-0.002067
2019.12.12 11:54:27.556	0.965855	0.982617	0.957310	1.009568	0.978344	1.042434	-0.001738	-0.002067
2019.12.12 11:54:27.806	0.969142	0.978673	0.963226	1.026658	0.966841	1.006938	-0.002395	-0.001738
2019.12.12 11:54:28.056	0.966841	0.981631	0.958296	1.031588	0.964212	0.980316	-0.001738	-0.001738
2019.12.12 11:54:28.306	0.968156	0.980316	0.958624	1.041448	0.956981	0.993134	-0.001738	-0.001738
2019.12.12 11:54:28.556	0.967827	0.984589	0.961911	1.055910	0.959282	0.981302	-0.002067	-0.001738
2019.12.12 11:54:28.806	0.970128	0.977687	0.964212	1.053280	0.970785	0.985246	-0.001738	-0.002067
2019.12.12 11:54:29.056	0.969799	0.981302	0.959610	1.050980	0.971114	0.971114	-0.001738	-0.001738
2019.12.12 11:54:29.306	0.970785	0.976701	0.960925	1.033232	0.954680	1.011211	-0.002067	-0.002067
2019.12.12 11:54:29.556	0.969470	0.981631	0.960596	1.009568	0.970456	0.968484	-0.001738	-0.002067
2019.12.12 11:54:29.806	0.973086	0.972428	0.960596	1.008253	0.966512	0.994120	-0.001738	-0.001409
2019.12.12 11:54:30.056	0.966512	0.978673	0.963226	0.996750	0.982288	0.964540	-0.002395	-0.002067
2019.12.12 11:54:30.306	0.970785	0.981631	0.960268	0.998393	0.968813	0.983932	-0.001738	-0.001738
2019.12.12 11:54:30.556	0.970128	0.978016	0.959939	1.001022	0.976372	0.994778	-0.001409	-0.001738
2019.12.12 11:54:30.806	0.969470	0.980645	0.957967	1.004966	0.968484	0.980974	-0.002067	-0.001738
2019.12.12 11:54:31.056	0.971114	0.979002	0.963883	1.015812	0.978344	1.002337	-0.001738	-0.002067
2019.12.12 11:54:31.306	0.970456	0.979659	0.956324	1.031260	0.953037	1.017127	-0.001738	-0.002067
2019.12.12 11:54:31.556	0.967498	0.981960	0.960925	1.046050	0.975715	1.011868	-0.001738	-0.001738
2019.12.12 11:54:31.806	0.968156	0.980974	0.959939	1.072343	0.974072	0.988533	-0.001738	-0.001738
2019.12.12 11:54:32.056	0.967170	0.976701	0.960268	1.079245	0.962897	1.019099	-0.001738	-0.001738
2019.12.12 11:54:32.306	0.966184	0.983274	0.959610	1.057224	0.991491	0.969142	-0.001738	-0.002067
2019.12.12 11:54:32.556	0.969142	0.977358	0.961582	1.043749	0.967498	0.985904	-0.001738	-0.001738
2019.12.12 11:54:32.806	0.966184	0.978016	0.960596	1.015484	0.990505	0.978673	-0.002067	-0.001738
2019.12.12 11:54:33.056	0.968484	0.975715	0.958296	0.986232	0.978673	0.979330	-0.001738	-0.002395
2019.12.12 11:54:33.306	0.969799	0.973414	0.963883	0.972100	0.978016	1.028302	-0.002067	-0.001409
2019.12.12 11:54:33.556	0.975386	0.975058	0.960596	0.976044	0.973414	1.027316	-0.001409	-0.001738
2019.12.12 11:54:33.806	0.967170	0.980974	0.964212	0.969799	0.986890	1.026001	-0.002067	-0.001738
2019.12.12 11:54:34.056	0.972100	0.977687	0.967827	0.979002	0.980645	1.017456	-0.001738	-0.001738
2019.12.12 11:54:34.306	0.971771	0.970785	0.958296	0.997078	0.967827	1.035861	-0.002067	-0.001738
2019.12.12 11:54:34.556	0.972757	0.977358	0.963226	1.018770	0.978016	0.999379	-0.002067	-0.002067
2019.12.12 11:54:34.806	0.974729	0.977687	0.961254	1.058539	0.947779	1.044406	-0.001738	-0.002067
2019.12.12 11:54:35.056	0.969142	0.980645	0.958624	1.071357	0.962897	0.997736	-0.001738	-0.002067
2019.12.12 11:54:35.306	0.974729	0.980974	0.957967	1.072014	0.927073	1.050322	-0.002067	-0.001738
2019.12.12 11:54:35.556	0.966841	0.981960	0.960268	1.035532	0.952380	1.005952	-0.001738	-0.001738
2019.12.12 11:54:35.806	0.964212	0.988862	0.950408	1.008582	0.926087	1.017456	-0.002395	-0.001738
2019.12.12 11:54:36.056	0.971114	0.983603	0.964212	0.978673	0.960596	1.009239	-0.001738	-0.002067
2019.12.12 11:54:36.306	0.969142	0.985904	0.959610	0.973414	0.976701	0.986561	-0.001738	-0.002067
2019.12.12 11:54:36.556	0.971114	0.976701	0.958953	0.976701	0.978673	1.013840	-0.002067	-0.002067
2019.12.12 11:54:36.806	0.970785	0.977358	0.961911	0.980316	0.981631	1.033232	-0.001738	-0.002067
2019.12.12 11:54:37.056	0.969470	0.975715	0.959610	1.000694	0.962897	1.009896	-0.001738	-0.002067
2019.12.12 11:54:37.306	0.968156	0.978344	0.958953	1.030274	0.966841	1.017784	-0.001738	-0.001738
2019.12.12 11:54:37.556	0.969142	0.976701	0.959610	1.074315	0.976044	0.973414	-0.002067	-0.001738
2019.12.12 11:54:37.806	0.968156	0.976044	0.960596	1.114412	0.970128	0.993792	-0.002067	-0.002067
2019.12.12 11:54:38.056	0.964869	0.980645	0.959939	1.125258	0.975715	0.964869	-0.001738	-0.002067
2019.12.12 11:54:38.306	0.972100	0.971442	0.964540	1.094692	0.965855	0.998722	-0.002067	-0.001738
2019.12.12 11:54:38.556	0.967827	0.980974	0.961582	1.036847	0.971771	0.975715	-0.001738	-0.001738
2019.12.12 11:54:38.806	0.971442	0.981302	0.959282	0.993134	0.951722	1.011211	-0.001738	-0.001738
2019.12.12 11:54:39.056	0.969470	0.989190	0.957967	0.980974	0.948765	1.024686	-0.002067	-0.001738
2019.12.12 11:54:39.306	0.970785	0.980316	0.958624	0.976044	0.959282	1.047364	-0.002395	-0.002067
2019.12.12 11:54:39.556	0.969142	0.976372	0.957310	0.972428	0.978344	1.053280	-0.001738	-0.002067
2019.12.12 11:54:39.806	0.973414	0.978344	0.961254	0.981302	0.978344	1.049336	-0.002067	-0.002067
2019.12.12 11:54:40.056	0.966184	0.980645	0.962240	0.983932	0.973743	1.031260	-0.001409	-0.001738
2019.12.12 11:54:40.306	0.970785	0.974400	0.962897	0.991820	0.972757	1.011211	-0.001738	-0.002067
2019.12.12 11:54:40.556	0.972757	0.973086	0.962240	0.996092	0.978016	0.994778	-0.001738	-0.002067
2019.12.12 11:54:40.806	0.971114	0.976044	0.958953	1.013512	0.959610	0.988204	-0.002067	-0.002067
2019.12.12 11:54:41.056	0.968484	0.977030	0.965855	1.013840	0.979002	0.964540	-0.002067	-0.001738
2019.12.12 11:54:41.306	0.966512	0.979330	0.960268	1.005624	0.954352	0.987547	-0.001738	-0.001738
2019.12.12 11:54:41.556	0.974072	0.978016	0.970128	0.999708	0.983603	0.961911	-0.001738	-0.001738
2019.12.12 11:54:41.806	0.973414	0.979659	0.960596	1.016470	0.966184	0.992806	-0.002067	-0.002067
2019.12.12 11:54:42.056	0.968484	0.979988	0.960268	1.016798	0.960596	0.993134	-0.002067	-0.002067
2019.12.12 11:54:42.306	0.972428	0.977358	0.958296	1.003652	0.979988	0.972757	-0.001738	-0.001738
2019.12.12 11:54:42.556	0.968156	0.977358	0.960596	1.008582	0.974729	0.983274	-0.002067	-0.002067
2019.12.12 11:54:42.806	0.971114	0.972757	0.961582	1.026001	0.969799	0.995106	-0.001738	-0.001738
2019.12.12 11:54:43.056	0.969799	0.977030	0.964212	1.033889	0.981302	0.987876	-0.002067	-0.002067
2019.12.12 11:54:43.306	0.969470	0.973086	0.957310	1.056238	0.967498	1.006610	-0.001409	-0.001738
2019.12.12 11:54:43.556	0.967827	0.979002	0.961254	1.068070	0.961582	1.015155	-0.002067	-0.001738
2019.12.12 11:54:43.806	0.972100	0.973414	0.963883	1.060511	0.967170	1.007924	-0.002067	-0.002067
2019.12.12 11:54:44.056	0.973414	0.975386	0.961582	1.034218	0.969470	1.018770	-0.002395	-0.002067
2019.12.12 11:54:44.306	0.966841	0.983932	0.959282	1.006281	0.954680	1.032903	-0.002067	-0.002067
2019.12.12 11:54:44.556	0.967170	0.980316	0.968484	0.985246	0.982288	0.992806	-0.002067	-0.002067
2019.12.12 11:54:44.806	0.966841	0.984260	0.960268	0.980974	0.950736	1.027973	-0.001738	-0.001409
2019.12.12 11:54:45.056	0.967170	0.983603	0.956981	0.982617	0.965855	1.010554	-0.001738	-0.001738
2019.12.12 11:54:45.306	0.972100	0.976044	0.964540	0.982288	0.976701	0.984260	-0.002067	-0.002067
2019.12.12 11:54:45.556	0.973086	0.973414	0.961911	0.992148	0.955995	1.024358	-0.002067	-0.002067
2019.12.12 11:54:45.806	0.969142	0.975386	0.959610	1.005295	0.968156	1.028302	-0.002067	-0.002067
2019.12.12 11:54:46.056	0.967827	0.977687	0.964869	1.018113	0.975058	1.007924	-0.002067	-0.002067
2019.12.12 11:54:46.306	0.968156	0.980316	0.958624	1.047036	0.958953	1.010554	-0.002067	-0.002067
2019.12.12 11:54:46.556	0.971114	0.976372	0.964540	1.066427	0.967827	1.008253	-0.002067	-0.002067
2019.12.12 11:54:46.806	0.972428	0.982617	0.956324	1.056896	0.977358	0.955995	-0.001738	-0.002067
2019.12.12 11:54:47.056	0.972428	0.976701	0.962568	1.029616	0.984260	0.964212	-0.002067	-0.001738
2019.12.12 11:54:47.306	0.966841	0.978344	0.965526	0.999708	0.996092	0.971114	-0.001409	-0.001738
2019.12.12 11:54:47.556	0.969470	0.978673	0.960596	0.988862	0.986232	0.974729	-0.001738	-0.002067
2019.12.12 11:54:47.806	0.967170	0.979988	0.959610	0.985904	0.984918	0.980316	-0.001738	-0.002395
2019.12.12 11:54:48.056	0.968484	0.977687	0.959282	0.986561	0.958624	1.055910	-0.001738	-0.001738
2019.12.12 11:54:48.306	0.969799	0.982946	0.956981	0.992806	0.938576	1.066756	-0.001738	-0.002395
2019.12.12 11:54:48.556	0.968156	0.979002	0.958624	0.988204	0.971114	0.996750	-0.002067	-0.002067
2019.12.12 11:54:48.806	0.965855	0.984260	0.956324	0.995435	0.966512	0.992477	-0.002067	-0.002067
2019.12.12 11:54:49.056	0.969470	0.981302	0.957967	0.992148	0.988533	0.947450	-0.002067	-0.002067
2019.12.12 11:54:49.306	0.969470	0.979659	0.958296	1.000694	0.961582	0.943835	-0.001738	-0.001738
2019.12.12 11:54:49.556	0.968156	0.982288	0.958296	1.015812	0.975058	0.965855	-0.002067	-0.001738
2019.12.12 11:54:49.806	0.975058	0.977687	0.961254	1.030274	0.968813	0.985246	-0.002067	-0.001409
2019.12.12 11:54:50.056	0.970785	0.977687	0.961911	1.026987	0.995764	0.958624	-0.002067	-0.001738
2019.12.12 11:54:50.306	0.973414	0.976372	0.963226	1.030274	0.982288	1.002337	-0.002067	-0.001738
2019.12.12 11:54:50.556	0.969142	0.972757	0.963554	1.021071	0.997407	1.009896	-0.002067	-0.002067
2019.12.12 11:54:50.806	0.968484	0.977358	0.963226	1.026001	0.960596	1.045721	-0.002067	-0.002067
2019.12.12 11:54:51.056	0.969799	0.975715	0.959282	1.014826	0.973086	1.008582	-0.001738	-0.001738
2019.12.12 11:54:51.306	0.967827	0.976701	0.957310	1.002008	0.968156	1.013183	-0.001738	-0.001738
2019.12.12 11:54:51.556	0.968484	0.980316	0.959282	0.997407	0.963554	1.001351	-0.002067	-0.002067
2019.12.12 11:54:51.806	0.969470	0.974072	0.962240	1.024029	0.940548	1.054266	-0.001738	-0.001738
2019.12.12 11:54:52.056	0.969470	0.977687	0.959610	1.048350	0.958953	1.013183	-0.001409	-0.002395
2019.12.12 11:54:52.306	0.969799	0.982946	0.957638	1.072343	0.957638	0.992806	-0.002067	-0.001738
2019.12.12 11:54:52.556	0.968156	0.982288	0.956324	1.083846	0.960268	1.025672	-0.001738	-0.001738
2019.12.12 11:54:52.806	0.968156	0.983274	0.958624	1.061826	0.965855	1.007267	-0.001738	-0.002067
2019.12.12 11:54:53.056	0.972428	0.983274	0.960925	1.021728	0.983932	0.995764	-0.001738	-0.002067
2019.12.12 11:54:53.306	0.967498	0.977030	0.960925	0.990834	0.980645	1.010554	-0.002067	-0.002067
2019.12.12 11:54:53.556	0.967170	0.974400	0.961582	0.984589	0.971114	1.046050	-0.001081	-0.002067
2019.12.12 11:54:53.806	0.969470	0.980316	0.959282	0.978344	0.972428	1.006610	-0.001738	-0.002067
2019.12.12 11:54:54.056	0.967498	0.976701	0.960925	0.978344	0.971442	0.991491	-0.001738	-0.002067
2019.12.12 11:54:54.306	0.969142	0.972428	0.967827	0.970128	1.030274	0.878101	-0.001409	-0.002067
2019.12.12 11:54:54.556	0.974400	0.970785	0.963554	0.988204	0.967827	0.979002	-0.001738	-0.002067
2019.12.12 11:54:54.806	0.968156	0.975386	0.965526	0.989190	0.987547	0.961911	-0.002067	-0.001738
2019.12.12 11:54:55.056	0.971442	0.975058	0.960925	1.012197	0.975058	0.982617	-0.001738	-0.002067
2019.12.12 11:54:55.306	0.968484	0.976701	0.960268	1.024686	0.965526	1.011211	-0.001738	-0.001738
2019.12.12 11:54:55.556	0.972100	0.980974	0.959939	1.027644	0.973414	0.973743	-0.001738	-0.001738
2019.12.12 11:54:55.806	0.968484	0.973086	0.967170	1.022386	0.979659	0.991820	-0.001738	-0.001738
2019.12.12 11:54:56.056	0.967170	0.985246	0.958296	1.019428	0.977687	0.972757	-0.001738	-0.001738
2019.12.12 11:54:56.306	0.970785	0.977358	0.962240	1.009896	0.977030	1.009896	-0.001738	-0.002067
2019.12.12 11:54:56.556	0.967827	0.978673	0.959282	0.998722	0.979988	0.999708	-0.001738	-0.001738
2019.12.12 11:54:56.806	0.964540	0.982288	0.961254	0.998064	0.963226	1.013512	-0.001738	-0.002067
2019.12.12 11:54:57.056	0.968484	0.975386	0.967170	0.986561	1.000365	0.981302	-0.001738	-0.001738
2019.12.12 11:54:57.306	0.969142	0.980316	0.961254	0.994778	0.988533	0.969470	-0.002067	-0.002395
2019.12.12 11:54:57.556	0.972757	0.975058	0.961911	1.014826	0.989519	0.980974	-0.002067	-0.002067
2019.12.12 11:54:57.806	0.974400	0.979659	0.955338	1.049008	0.976372	0.978673	-0.002067	-0.002067
2019.12.12 11:54:58.056	0.970785	0.974400	0.961582	1.065112	0.985246	0.967827	-0.001409	-0.002067
2019.12.12 11:54:58.306	0.968484	0.974400	0.963883	1.064784	0.984260	0.981960	-0.001738	-0.002067
2019.12.12 11:54:58.556	0.973743	0.977358	0.961582	1.041448	0.975058	0.995435	-0.001738	-0.002067
2019.12.12 11:54:58.806	0.967498	0.979002	0.960268	1.000694	0.983932	0.962568	-0.002067	-0.002067
2019.12.12 11:54:59.056	0.970785	0.985904	0.958624	0.978673	0.954680	1.011868	-0.002067	-0.002067
2019.12.12 11:54:59.306	0.969142	0.976372	0.962568	0.976044	0.957310	1.026330	-0.001738	-0.001738
2019.12.12 11:54:59.556	0.970456	0.982288	0.961254	0.976044	0.964212	0.997407	-0.002395	-0.001738
2019.12.12 11:54:59.806	0.967827	0.975386	0.964869	0.977030	0.971442	1.020414	-0.001738	-0.001738
2019.12.12 11:55:00.056	0.968156	0.979002	0.961254	0.980645	0.974729	0.990505	-0.001409	-0.002067
2019.12.12 11:55:00.306	0.968484	0.980316	0.957638	0.985575	0.964540	1.030931	-0.001738	-0.001738
2019.12.12 11:55:00.556	0.969799	0.980645	0.953694	0.998722	0.970785	0.987218	-0.001738	-0.002067
2019.12.12 11:55:00.806	0.972428	0.976701	0.958624	1.037833	0.940548	1.025672	-0.001738	-0.001738
2019.12.12 11:55:01.056	0.970128	0.980645	0.959939	1.067413	0.971771	0.978016	-0.002067	-0.001409
2019.12.12 11:55:01.306	0.972757	0.981302	0.957638	1.085161	0.966512	0.954023	-0.002067	-0.002067
2019.12.12 11:55:01.556	0.971114	0.975058	0.965198	1.057553	0.980316	0.987876	-0.002067	-0.002067
2019.12.12 11:55:01.806	0.974072	0.980645	0.960268	1.012197	0.976372	0.978016	-0.002067	-0.001738
2019.12.12 11:55:02.056	0.972757	0.975386	0.961911	0.988204	0.980645	1.014498	-0.001738	-0.002067
2019.12.12 11:55:02.306	0.963226	0.982617	0.959282	0.981631	0.983274	1.022386	-0.002067	-0.001738
2019.12.12 11:55:02.556	0.968484	0.978016	0.962897	0.976701	0.980974	1.048679	-0.002067	-0.001738
2019.12.12 11:55:02.806	0.968484	0.980645	0.959282	0.985575	0.984260	1.005624	-0.002067	-0.002395
2019.12.12 11:55:03.056	0.974072	0.972757	0.963554	0.997736	0.980645	0.997736	-0.002067	-0.002067
2019.12.12 11:55:03.306	0.972100	0.979988	0.961911	1.013183	1.002994	0.929373	-0.001738	-0.001738
2019.12.12 11:55:03.556	0.965855	0.976044	0.963226	1.039148	0.977030	0.971114	-0.002395	-0.001738
2019.12.12 11:55:03.806	0.971442	0.975715	0.958953	1.034546	0.973414	0.966512	-0.001738	-0.002067
2019.12.12 11:55:04.056	0.967170	0.983932	0.962568	1.022714	0.965855	0.987876	-0.001738	-0.001738
2019.12.12 11:55:04.306	0.969470	0.980974	0.956652	1.011211	0.962568	0.970785	-0.002067	-0.002067
2019.12.12 11:55:04.556	0.970128	0.979988	0.958953	0.998393	0.969799	0.995106	-0.001738	-0.001738
2019.12.12 11:55:04.806	0.967170	0.977030	0.962897	0.989190	0.968813	1.006281	-0.001738	-0.001738
2019.12.12 11:55:05.056	0.966841	0.983603	0.957638	0.986232	0.966841	1.001022	-0.002067	-0.001738
2019.12.12 11:55:05.306	0.967827	0.978344	0.962568	0.987218	0.973086	1.030602	-0.002067	-0.001738
2019.12.12 11:55:05.556	0.967827	0.981960	0.959610	0.986890	0.968813	1.004966	-0.001409	-0.002395
2019.12.12 11:55:05.806	0.969470	0.976044	0.963554	0.979659	0.974400	0.996092	-0.001738	-0.001738
2019.12.12 11:55:06.056	0.970785	0.973743	0.958953	0.990505	0.970785	0.986890	-0.001738	-0.002067
2019.12.12 11:55:06.306	0.970785	0.980645	0.962568	1.011868	0.975715	0.966512	-0.002067	-0.001738
2019.12.12 11:55:06.556	0.967498	0.980974	0.960925	1.030274	0.969142	0.972428	-0.002067	-0.002395
2019.12.12 11:55:06.806	0.968484	0.979002	0.960268	1.057224	0.969470	0.993792	-0.002067	-0.002067
2019.12.12 11:55:07.056	0.972428	0.976372	0.958624	1.078588	0.974072	0.995435	-0.001738	-0.002067
2019.12.12 11:55:07.306	0.970785	0.983274	0.958624	1.103566	0.962240	1.017784	-0.001738	-0.002067
2019.12.12 11:55:07.556	0.971442	0.973414	0.963883	1.081217	0.972757	1.049665	-0.002067	-0.001738
2019.12.12 11:55:07.806	0.969470	0.981631	0.961911	1.046378	0.976372	1.024358	-0.001738	-0.001409
2019.12.12 11:55:08.056	0.974729	0.970456	0.967170	1.013512	0.975058	1.081217	-0.001738	-0.002067
2019.12.12 11:55:08.306	0.970456	0.983603	0.955009	0.991820	0.963554	1.069385	-0.001738	-0.002067
2019.12.12 11:55:08.556	0.972100	0.976044	0.959282	0.984589	0.946793	1.082532	-0.001738	-0.001738
2019.12.12 11:55:08.806	0.972100	0.981631	0.960596	0.982946	0.957967	1.047036	-0.001738	-0.001738
2019.12.12 11:55:09.056	0.975715	0.981631	0.959610	0.976701	0.957638	1.002337	-0.001738	-0.001738
2019.12.12 11:55:09.306	0.971114	0.981302	0.958953	0.978344	0.962897	1.003980	-0.002067	-0.002067
2019.12.12 11:55:09.556	0.967498	0.983274	0.959282	0.981960	0.969142	0.984260	-0.002067	-0.001738
2019.12.12 11:55:09.806	0.971114	0.979002	0.959282	0.997407	0.950736	1.001351	-0.002395	-0.001738
2019.12.12 11:55:10.056	0.965198	0.979002	0.958624	1.013840	0.965526	0.975386	-0.002067	-0.001738
2019.12.12 11:55:10.306	0.966184	0.979002	0.955995	1.034875	0.943506	1.022386	-0.001738	-0.002067
2019.12.12 11:55:10.556	0.965855	0.978673	0.964869	1.049336	0.979988	0.987547	-0.002067	-0.001738
2019.12.12 11:55:10.806	0.971771	0.976372	0.960268	1.050322	0.972100	0.988204	-0.001738	-0.002724
2019.12.12 11:55:11.056	0.966512	0.980974	0.958953	1.024686	0.975386	0.997736	-0.001738	-0.002067
2019.12.12 11:55:11.306	0.968156	0.978673	0.957310	1.002337	0.988533	0.987876	-0.002395	-0.002395
2019.12.12 11:55:11.556	0.969799	0.981960	0.961254	0.985575	0.975715	0.994120	-0.002067	-0.002395
2019.12.12 11:55:11.806	0.968484	0.979330	0.960268	0.984589	0.978673	0.992477	-0.001738	-0.002067
2019.12.12 11:55:12.056	0.969142	0.976701	0.966184	0.976372	0.993134	0.963883	-0.001738	-0.001738
2019.12.12 11:55:12.306	0.973414	0.978016	0.959610	0.996421	0.979988	1.025344	-0.001738	-0.002067
2019.12.12 11:55:12.556	0.973414	0.975386	0.958624	1.018770	0.957638	1.051308	-0.002067	-0.002067
2019.12.12 11:55:12.806	0.969142	0.974729	0.961911	1.042434	0.970128	1.000036	-0.002395	-0.001738
2019.12.12 11:55:13.056	0.972428	0.975715	0.959282	1.051637	0.970456	0.994120	-0.002067	-0.002067
2019.12.12 11:55:13.306	0.970456	0.980645	0.959610	1.026658	0.965198	0.994120	-0.001738	-0.002067
2019.12.12 11:55:13.556	0.971442	0.980645	0.960925	1.013512	0.958296	1.015812	-0.002067	-0.002067
2019.12.12 11:55:13.806	0.972757	0.973743	0.960268	1.005952	0.983932	0.979002	-0.001738	-0.002067
2019.12.12 11:55:14.056	0.970785	0.977358	0.959610	0.996421	0.970128	1.012197	-0.002067	-0.001738
2019.12.12 11:55:14.306	0.967170	0.979002	0.958624	0.987218	0.973414	1.001680	-0.001738	-0.001738
2019.12.12 11:55:14.556	0.971771	0.979002	0.961582	0.983274	0.959939	1.015484	-0.001738	-0.001738
2019.12.12 11:55:14.806	0.965526	0.976701	0.964212	0.978344	0.964869	1.003323	-0.001738	-0.001738
2019.12.12 11:55:15.056	0.970456	0.977030	0.961582	0.980974	0.967170	1.002666	-0.002067	-0.002067
2019.12.12 11:55:15.306	0.969142	0.976701	0.963883	0.988204	0.976044	0.988204	-0.001738	-0.001738
2019.12.12 11:55:15.556	0.971771	0.980645	0.958296	1.006281	0.958953	1.001680	-0.001738	-0.002067
2019.12.12 11:55:15.806	0.971771	0.982946	0.960268	1.026987	0.973086	1.010554	-0.002067	-0.001738
2019.12.12 11:55:16.056	0.970456	0.981302	0.958953	1.069714	0.962240	1.045064	-0.002067	-0.002067
2019.12.12 11:55:16.306	0.972100	0.980316	0.957967	1.095350	0.976044	1.024686	-0.001738	-0.001738
2019.12.12 11:55:16.556	0.967170	0.981631	0.962240	1.096007	0.964212	1.052952	-0.002067	-0.002067
2019.12.12 11:55:16.806	0.968813	0.978016	0.962568	1.064126	0.981960	1.019099	-0.001738	-0.002067
2019.12.12 11:55:17.056	0.965526	0.981302	0.956981	1.011211	0.948765	1.049665	-0.002067	-0.001738
2019.12.12 11:55:17.306	0.966184	0.982617	0.960596	0.973414	0.955666	1.032903	-0.001409	-0.001738
2019.12.12 11:55:17.556	0.973743	0.982946	0.958624	0.979002	0.946793	1.027316	-0.002067	-0.002067
2019.12.12 11:55:17.806	0.971114	0.979002	0.961582	0.971771	0.970785	0.957310	-0.001409	-0.001738
2019.12.12 11:55:18.056	0.970128	0.984260	0.960268	0.983932	0.946793	0.993792	-0.001738	-0.002067
2019.12.12 11:55:18.306	0.969470	0.979659	0.962240	0.982617	0.974729	0.979002	-0.001738	-0.001738
2019.12.12 11:55:18.556	0.974729	0.980974	0.961254	0.998722	0.972100	0.981631	-0.002067	-0.002067
2019.12.12 11:55:18.806	0.971442	0.977687	0.961582	0.995764	0.967170	0.995764	-0.001738	-0.001409
2019.12.12 11:55:19.056	0.968156	0.978673	0.957638	1.007596	0.966841	0.992477	-0.002067	-0.001738
2019.12.12 11:55:19.306	0.968156	0.979659	0.961254	1.013512	0.988204	1.000694	-0.001738	-0.001738
2019.12.12 11:55:19.556	0.969470	0.982288	0.957310	1.020085	0.979659	0.992806	-0.001738	-0.001738
2019.12.12 11:55:19.806	0.968484	0.971114	0.966841	1.019428	0.993134	1.009239	-0.002067	-0.002067
2019.12.12 11:55:20.056	0.975715	0.977030	0.957967	1.019428	0.975058	1.024029	-0.001738	-0.001738
2019.12.12 11:55:20.306	0.967498	0.974400	0.960596	1.010225	0.972428	1.068399	-0.001738	-0.002067
2019.12.12 11:55:20.556	0.967498	0.980645	0.961254	1.011540	0.979330	1.024029	-0.001409	-0.002067
2019.12.12 11:55:20.806	0.975058	0.972100	0.963226	1.029945	0.962240	1.029616	-0.002067	-0.001738
2019.12.12 11:55:21.056	0.968156	0.981960	0.961254	1.024358	0.983274	0.971442	-0.002067	-0.002067
2019.12.12 11:55:21.306	0.975058	0.982288	0.957638	1.043749	0.943835	1.008253	-0.001409	-0.002067
2019.12.12 11:55:21.556	0.964540	0.979988	0.966184	1.025672	1.003980	0.969470	-0.002067	-0.001738
2019.12.12 11:55:21.806	0.968484	0.984589	0.955995	1.039805	0.961582	0.981302	-0.002067	-0.002067
2019.12.12 11:55:22.056	0.969799	0.981302	0.960268	1.029616	0.983932	0.976044	-0.001409	-0.001738
2019.12.12 11:55:22.306	0.966841	0.978673	0.962897	1.018442	0.953366	1.008582	-0.002067	-0.001409
2019.12.12 11:55:22.556	0.964869	0.985246	0.959939	1.002994	0.969142	0.975386	-0.002067	-0.002067
2019.12.12 11:55:22.806	0.969799	0.980974	0.963226	0.982288	0.982617	0.942191	-0.001738	-0.002395
2019.12.12 11:55:23.056	0.970456	0.976372	0.964869	0.982946	0.972428	0.985575	-0.001738	-0.001738
2019.12.12 11:55:23.306	0.968813	0.976701	0.962240	0.976372	0.987218	0.945478	-0.001738	-0.001738
2019.12.12 11:55:23.556	0.971442	0.977687	0.964212	0.989190	0.980316	0.975058	-0.001738	-0.001738
2019.12.12 11:55:23.806	0.971114	0.983932	0.960925	1.001022	0.974729	0.979002	-0.001738	-0.001738
2019.12.12 11:55:24.056	0.974072	0.979002	0.955666	1.010225	0.976701	1.012197	-0.002067	-0.002067
2019.12.12 11:55:24.306	0.967170	0.983932	0.956324	1.014169	0.969799	1.035861	-0.002067	-0.001738
2019.12.12 11:55:24.556	0.970785	0.977358	0.958624	1.001680	0.972428	1.083189	-0.002395	-0.001738
2019.12.12 11:55:24.806	0.971442	0.983932	0.956981	0.993792	0.969142	1.082532	-0.002067	-0.002067
2019.12.12 11:55:25.056	0.970128	0.977358	0.959610	0.995764	0.969142	1.058868	-0.001738	-0.001738
2019.12.12 11:55:25.306	0.967170	0.982617	0.960925	1.001351	0.967170	1.016141	-0.001738	-0.001738
2019.12.12 11:55:25.556	0.965855	0.982617	0.959610	1.006610	0.949750	1.006281	-0.001409	-0.001409
2019.12.12 11:55:25.806	0.969470	0.974400	0.963554	1.014498	0.979330	0.980316	-0.001409	-0.002395
2019.12.12 11:55:26.056	0.968156	0.981631	0.962897	1.044406	0.960925	1.002994	-0.002067	-0.001738
2019.12.12 11:55:26.306	0.970128	0.981960	0.961911	1.066756	0.982617	0.965526	-0.002067	-0.001738
2019.12.12 11:55:26.556	0.971114	0.973086	0.960268	1.083518	0.972428	1.015812	-0.001738	-0.001738
2019.12.12 11:55:26.806	0.963883	0.980645	0.964869	1.066098	0.980316	0.971442	-0.002067	-0.002067
2019.12.12 11:55:27.056	0.966184	0.985575	0.959610	1.023043	0.954680	0.981631	-0.001738	-0.001738
2019.12.12 11:55:27.306	0.968813	0.976044	0.965855	0.994120	0.977358	0.988204	-0.001738	-0.001738
2019.12.12 11:55:27.556	0.971114	0.979330	0.960925	0.980316	0.976372	0.968156	-0.001738	-0.002067
2019.12.12 11:55:27.806	0.975058	0.978344	0.958953	0.978344	0.956324	1.014169	-0.001738	-0.002067
2019.12.12 11:55:28.056	0.967827	0.984260	0.960925	0.975058	0.977687	1.036190	-0.001738	-0.001409
2019.12.12 11:55:28.306	0.975386	0.975386	0.957967	0.982946	0.971442	1.062812	-0.002067	-0.001738
2019.12.12 11:55:28.556	0.970785	0.975058	0.962240	0.986890	0.993463	1.046378	-0.001738	-0.001738
2019.12.12 11:55:28.806	0.972428	0.981302	0.959939	1.006610	0.958296	1.051637	-0.002067	-0.002067
2019.12.12 11:55:29.056	0.972100	0.973743	0.968813	1.027644	0.998064	0.969799	-0.002067	-0.002067
2019.12.12 11:55:29.306	0.970785	0.978673	0.961254	1.072014	0.980645	0.972428	-0.001738	-0.001738
2019.12.12 11:55:29.556	0.971114	0.970128	0.967170	1.085818	0.977687	0.992148	-0.002067	-0.002395
2019.12.12 11:55:29.806	0.966841	0.982288	0.958953	1.078588	0.954680	0.992148	-0.001409	-0.001409
2019.12.12 11:55:30.056	0.972757	0.984918	0.960268	1.063798	0.957638	0.980974	-0.002395	-0.001738
2019.12.12 11:55:30.306	0.966841	0.980645	0.958953	1.057224	0.980316	0.988862	-0.001738	-0.001738
2019.12.12 11:55:30.556	0.970785	0.980645	0.958953	1.045721	0.964212	0.977687	-0.002067	-0.002067
2019.12.12 11:55:30.806	0.967827	0.980974	0.961911	1.007596	0.976044	1.005952	-0.001738	-0.001738
2019.12.12 11:55:31.056	0.976044	0.981960	0.955009	0.987218	0.945807	1.058868	-0.002067	-0.001738
2019.12.12 11:55:31.306	0.970456	0.980974	0.952708	0.977358	0.947121	1.094364	-0.002067	-0.001738
2019.12.12 11:55:31.556	0.971114	0.979988	0.962897	0.974729	0.973086	1.034218	-0.001738	-0.002067
2019.12.12 11:55:31.806	0.970785	0.973743	0.962897	0.976701	0.968484	1.020085	-0.001738	-0.002067
2019.12.12 11:55:32.056	0.968813	0.980316	0.958953	0.980316	0.976372	0.968813	-0.002067	-0.002067
2019.12.12 11:55:32.306	0.972100	0.981302	0.957967	0.994449	0.959939	0.980316	-0.002067	-0.002395
2019.12.12 11:55:32.556	0.967170	0.976044	0.961582	0.996750	0.967170	0.999379	-0.001738	-0.002067
2019.12.12 11:55:32.806	0.971114	0.980645	0.957967	1.010554	0.955995	1.002994	-0.001738	-0.002067
2019.12.12 11:55:33.056	0.968484	0.973414	0.964869	1.013512	0.988533	0.990176	-0.001738	-0.001738
2019.12.12 11:55:33.306	0.966184	0.981960	0.965855	1.018113	0.987876	0.980645	-0.001738	-0.002067
2019.12.12 11:55:33.556	0.965526	0.978673	0.960268	1.023372	0.969470	1.013840	-0.001738	-0.001738
2019.12.12 11:55:33.806	0.970128	0.978673	0.961911	1.008253	0.987218	0.971442	-0.002067	-0.001409
2019.12.12 11:55:34.056	0.971442	0.981960	0.957638	1.014169	0.961254	1.002666	-0.001738	-0.001738
2019.12.12 11:55:34.306	0.965855	0.977358	0.961254	1.009568	0.994449	0.960925	-0.001738	-0.001738
2019.12.12 11:55:34.556	0.971771	0.980974	0.960596	1.027644	0.952708	1.008582	-0.001738	-0.002067
2019.12.12 11:55:34.806	0.967498	0.979988	0.960925	1.021400	0.983603	0.985575	-0.002067	-0.002067
2019.12.12 11:55:35.056	0.969799	0.981631	0.955338	1.023372	0.949093	1.044735	-0.001738	-0.002395
2019.12.12 11:55:35.306	0.965526	0.976044	0.964212	0.998393	0.988862	1.015155	-0.001409	-0.002067
2019.12.12 11:55:35.556	0.972100	0.979659	0.957638	1.000036	0.960268	1.049336	-0.002067	-0.001409
2019.12.12 11:55:35.806	0.969470	0.972757	0.966841	1.002008	0.983932	1.018113	-0.002067	-0.002067
2019.12.12 11:55:36.056	0.971114	0.979330	0.956981	1.000365	0.958624	0.995764	-0.001738	-0.001409
2019.12.12 11:55:36.306	0.969142	0.970785	0.966512	1.004309	0.975058	1.011540	-0.001738	-0.001738
2019.12.12 11:55:36.556	0.970456	0.981302	0.959610	1.013512	0.977358	0.956981	-0.002067	-0.001738
2019.12.12 11:55:36.806	0.975386	0.978344	0.960925	1.026658	0.955995	0.986890	-0.002395	-0.001738
2019.12.12 11:55:37.056	0.974072	0.981631	0.964869	1.013512	0.976372	0.950079	-0.002067	-0.002067
2019.12.12 11:55:37.306	0.967827	0.978016	0.964540	1.004638	0.967498	0.990176	-0.001738	-0.002067
2019.12.12 11:55:37.556	0.967498	0.982946	0.960925	0.989519	0.966512	0.987876	-0.001738	-0.002067
2019.12.12 11:55:37.806	0.970785	0.983932	0.955009	0.984589	0.975715	0.951394	-0.001738	-0.002067
2019.12.12 11:55:38.056	0.971114	0.973414	0.959939	0.985246	0.958296	1.017456	-0.001738	-0.001738
2019.12.12 11:55:38.306	0.966184	0.981960	0.959610	0.982288	0.986232	0.958953	-0.001738	-0.002067
2019.12.12 11:55:38.556	0.969142	0.982946	0.957967	1.003652	0.953037	1.044735	-0.002395	-0.001409
2019.12.12 11:55:38.806	0.961911	0.985246	0.960268	1.006281	0.954023	1.005624	-0.001738	-0.002067
2019.12.12 11:55:39.056	0.971114	0.975386	0.963226	1.023700	0.984260	1.002994	-0.002067	-0.002067
2019.12.12 11:55:39.306	0.968484	0.982617	0.959939	1.058868	0.970456	1.035532	-0.001738	-0.001409
2019.12.12 11:55:39.556	0.966841	0.987547	0.957310	1.073329	0.970785	1.015155	-0.002395	-0.001738
2019.12.12 11:55:39.806	0.969799	0.978016	0.959610	1.075958	0.963883	1.045064	-0.001738	-0.002067
2019.12.12 11:55:40.056	0.970785	0.979988	0.955995	1.047036	0.969470	1.020414	-0.002067	-0.001738
2019.12.12 11:55:40.306	0.971114	0.974729	0.963554	1.015812	0.982617	1.011540	-0.001738	-0.001738
2019.12.12 11:55:40.556	0.969799	0.979988	0.961911	0.995106	0.975386	1.016470	-0.001738	-0.001738
2019.12.12 11:55:40.806	0.968156	0.976044	0.961911	0.986561	0.990505	0.988533	-0.002067	-0.002395
2019.12.12 11:55:41.056	0.968484	0.977687	0.960596	0.982946	0.978673	1.008253	-0.002067	-0.001409
2019.12.12 11:55:41.306	0.970785	0.979330	0.956324	0.990834	0.956652	1.031917	-0.002395	-0.002067
2019.12.12 11:55:41.556	0.969470	0.981302	0.955995	0.995435	0.934632	1.074315	-0.002067	-0.001409
2019.12.12 11:55:41.806	0.970128	0.979002	0.959282	0.998393	0.954352	1.011211	-0.002067	-0.002067
2019.12.12 11:55:42.056	0.963554	0.981960	0.958624	0.992806	0.971442	0.979002	-0.001738	-0.001738
2019.12.12 11:55:42.306	0.971771	0.978016	0.958296	1.012854	0.950408	0.985904	-0.002067	-0.001738
2019.12.12 11:55:42.556	0.962568	0.981302	0.957310	1.022714	0.955338	0.997736	-0.001409	-0.002067
2019.12.12 11:55:42.806	0.967498	0.979659	0.960925	1.018113	0.982617	0.964540	-0.002067	-0.002067
2019.12.12 11:55:43.056	0.966512	0.981960	0.958296	1.009239	0.965855	1.006610	-0.001409	-0.001738
2019.12.12 11:55:43.306	0.968813	0.982946	0.959939	0.988533	0.973743	0.971771	-0.001738	-0.001738
2019.12.12 11:55:43.556	0.969470	0.973086	0.966184	0.982946	0.991162	0.976044	-0.002067	-0.001738
2019.12.12 11:55:43.806	0.967170	0.978016	0.960925	0.974400	0.990176	0.981631	-0.001738	-0.002067
2019.12.12 11:55:44.056	0.973086	0.971114	0.961582	0.984260	0.974729	0.987218	-0.002067	-0.001738
2019.12.12 11:55:44.306	0.969142	0.979002	0.963226	0.985904	0.970128	0.997078	-0.002067	-0.002067
2019.12.12 11:55:44.556	0.972428	0.978673	0.961254	0.992148	0.970456	0.979659	-0.002067	-0.002395
2019.12.12 11:55:44.806	0.970128	0.981302	0.962240	0.998393	0.965198	0.988204	-0.001738	-0.002067
2019.12.12 11:55:45.056	0.966512	0.980645	0.955338	1.019756	0.966512	0.984918	-0.001738	-0.001738
2019.12.12 11:55:45.306	0.967827	0.977358	0.963554	1.045721	0.988533	0.970456	-0.001738	-0.002067
2019.12.12 11:55:45.556	0.968484	0.981631	0.955995	1.065441	0.965855	0.981960	-0.001409	-0.001738
2019.12.12 11:55:45.806	0.969799	0.979330	0.959282	1.066098	0.972428	1.000694	-0.002067	-0.001738
2019.12.12 11:55:46.056	0.971771	0.983932	0.955009	1.053609	0.957310	1.007924	-0.001738	-0.002067
2019.12.12 11:55:46.306	0.968156	0.974072	0.963226	1.024686	0.978673	0.993463	-0.001738	-0.001738
2019.12.12 11:55:46.556	0.975058	0.980316	0.961911	1.008253	0.970785	0.998722	-0.002067	-0.002067
2019.12.12 11:55:46.806	0.969799	0.980645	0.956981	0.987547	0.977687	0.970785	-0.001409	-0.001738
2019.12.12 11:55:47.056	0.971771	0.982288	0.967170	0.980316	0.975386	0.960596	-0.001409	-0.001738
2019.12.12 11:55:47.306	0.966184	0.983603	0.958624	0.979330	0.973414	0.989190	-0.001738	-0.002067
2019.12.12 11:55:47.556	0.968484	0.981302	0.962568	0.978673	0.996092	0.988204	-0.001409	-0.001738
2019.12.12 11:55:47.806	0.966184	0.982617	0.959282	0.980316	0.963226	1.098308	-0.001738	-0.001738
2019.12.12 11:55:48.056	0.969470	0.976372	0.957638	0.980316	0.990505	1.076944	-0.001738	-0.001738
2019.12.12 11:55:48.306	0.969142	0.979659	0.960596	0.989519	0.969142	1.118027	-0.001409	-0.001738
2019.12.12 11:55:48.556	0.969470	0.981302	0.956652	1.011868	0.979988	1.034218	-0.002067	-0.002067
2019.12.12 11:55:48.806	0.969470	0.976701	0.960268	1.043420	0.955338	1.023372	-0.002067	-0.002067
2019.12.12 11:55:49.056	0.966841	0.982946	0.963226	1.048679	0.981302	0.961582	-0.002067	-0.002067
2019.12.12 11:55:49.306	0.968156	0.977358	0.958296	1.027316	0.959610	0.969470	-0.002067	-0.001738
2019.12.12 11:55:49.556	0.960268	0.985246	0.954680	1.002994	0.976701	0.909325	-0.001738	-0.002067
2019.12.12 11:55:49.806	0.970456	0.975715	0.965526	0.990834	0.969142	0.962240	-0.001738	-0.002067
2019.12.12 11:55:50.056	0.968813	0.985904	0.961911	0.990834	0.981631	0.957638	-0.001409	-0.001409
2019.12.12 11:55:50.306	0.972100	0.976372	0.964869	0.986561	0.964540	0.992806	-0.001738	-0.001738
2019.12.12 11:55:50.556	0.966184	0.977358	0.966184	0.985246	0.984589	0.974072	-0.001738	-0.001738
2019.12.12 11:55:50.806	0.968484	0.980974	0.959282	0.986232	0.972757	0.975715	-0.001738	-0.001738
2019.12.12 11:55:51.056	0.970456	0.973414	0.960596	0.987218	0.984589	0.984260	-0.001738	-0.002067
2019.12.12 11:55:51.306	0.966841	0.980316	0.953694	0.988204	0.971442	1.008910	-0.001738	-0.002067
2019.12.12 11:55:51.556	0.973414	0.975058	0.958953	1.000694	0.963554	1.042434	-0.002067	-0.002395
2019.12.12 11:55:51.806	0.969142	0.984589	0.955666	1.020414	0.967498	1.013840	-0.002067	-0.001738
2019.12.12 11:55:52.056	0.967170	0.978673	0.963226	1.057224	0.966184	0.984589	-0.002067	-0.002067
2019.12.12 11:55:52.306	0.968156	0.977687	0.963554	1.060511	0.948436	0.995764	-0.002067	-0.001738
2019.12.12 11:55:52.556	0.970128	0.983932	0.959282	1.034875	0.959610	0.971442	-0.001738	-0.002067
2019.12.12 11:55:52.806	0.966184	0.975715	0.963883	0.997736	0.979002	0.969799	-0.001738	-0.002067
2019.12.12 11:55:53.056	0.969470	0.977687	0.961911	0.985246	0.978673	0.969142	-0.001738	-0.001738
2019.12.12 11:55:53.306	0.968813	0.979988	0.960268	0.986890	0.979659	0.978673	-0.001738	-0.001409
2019.12.12 11:55:53.556	0.972428	0.976372	0.962240	0.985246	0.975058	1.012526	-0.001738	-0.002395
2019.12.12 11:55:53.806	0.970785	0.977030	0.963554	0.983932	0.966841	1.023700	-0.001738	-0.002067
2019.12.12 11:55:54.056	0.969799	0.978344	0.960268	0.998722	0.973086	1.051637	-0.002395	-0.002395
2019.12.12 11:55:54.306	0.971771	0.976044	0.963554	1.023700	0.981302	1.023372	-0.002395	-0.001738
2019.12.12 11:55:54.556	0.967498	0.979330	0.961911	1.053280	0.977030	1.001680	-0.002395	-0.002067
2019.12.12 11:55:54.806	0.968813	0.980974	0.960596	1.057553	0.974400	0.969470	-0.001738	-0.001738
2019.12.12 11:55:55.056	0.972428	0.971442	0.963226	1.026987	0.965855	0.997078	-0.001738	-0.001738
2019.12.12 11:55:55.306	0.969142	0.978016	0.955995	1.001351	0.962568	0.994449	-0.001409	-0.002067
2019.12.12 11:55:55.556	0.972100	0.981631	0.959610	1.002666	0.948436	1.058868	-0.001738	-0.002067
2019.12.12 11:55:55.806	0.968813	0.985904	0.957638	0.986561	0.962897	1.003652	-0.001738	-0.002067
2019.12.12 11:55:56.056	0.972757	0.977358	0.964212	0.997407	0.963883	1.028959	-0.001738	-0.001738
2019.12.12 11:55:56.306	0.974729	0.978344	0.954352	1.000365	0.957310	1.051966	-0.002067	-0.002067
2019.12.12 11:55:56.556	0.971771	0.979988	0.960596	0.999708	0.969142	0.992806	-0.001738	-0.001738
2019.12.12 11:55:56.806	0.967498	0.979002	0.960925	1.003652	0.998393	0.948107	-0.002067	-0.001738
2019.12.12 11:55:57.056	0.969799	0.981302	0.961911	1.000694	0.992806	0.908010	-0.001738	-0.001738
2019.12.12 11:55:57.306	0.971114	0.977687	0.963554	0.996092	0.992148	0.952051	-0.001738	-0.001738
2019.12.12 11:55:57.556	0.972428	0.970785	0.960925	0.996750	0.990176	0.953366	-0.002067	-0.002067
2019.12.12 11:55:57.806	0.972757	0.972100	0.960925	1.003980	0.981631	0.984260	-0.001409	-0.001409
2019.12.12 11:55:58.056	0.966184	0.980645	0.959282	1.015812	0.968813	0.998722	-0.001738	-0.001738
2019.12.12 11:55:58.306	0.969142	0.977358	0.963554	1.036190	0.976044	1.021400	-0.001738	-0.002067
2019.12.12 11:55:58.556	0.971771	0.979330	0.959610	1.053280	0.963226	1.053938	-0.001409	-0.001738
2019.12.12 11:55:58.806	0.971114	0.978344	0.961911	1.058868	0.960596	1.041777	-0.002067	-0.001738
2019.12.12 11:55:59.056	0.970785	0.981631	0.962897	1.039805	0.977687	1.009568	-0.001738	-0.002067
2019.12.12 11:55:59.306	0.967170	0.986232	0.961254	1.018770	0.951065	0.979659	-0.001738	-0.001738
2019.12.12 11:55:59.556	0.965198	0.975058	0.967498	0.988204	0.991162	0.988533	-0.002067	-0.001738
2019.12.12 11:55:59.806	0.970456	0.980316	0.960268	0.987547	0.970785	0.975386	-0.002067	-0.001738
2019.12.12 11:56:00.056	0.961254	0.982288	0.956324	0.977687	0.992148	0.947779	-0.001738	-0.002067
2019.12.12 11:56:00.306	0.968484	0.972428	0.962568	0.986890	0.986561	0.999379	-0.002067	-0.002067
2019.12.12 11:56:00.556	0.970785	0.972428	0.961254	1.008253	0.974400	0.999379	-0.002067	-0.002067
2019.12.12 11:56:00.806	0.967498	0.982946	0.956981	1.021400	0.980316	0.958624	-0.002067	-0.001738
2019.12.12 11:56:01.056	0.975058	0.974729	0.960268	1.023043	0.989848	0.948436	-0.001738	-0.002067
2019.12.12 11:56:01.306	0.975058	0.974072	0.967170	1.026330	0.976044	1.000694	-0.001738	-0.001738
2019.12.12 11:56:01.556	0.972757	0.978016	0.963883	1.017127	0.973743	0.996421	-0.002067	-0.001738
2019.12.12 11:56:01.806	0.971442	0.977358	0.960596	1.014169	0.955009	1.012197	-0.002067	-0.002067
2019.12.12 11:56:02.056	0.970456	0.979659	0.956652	1.003652	0.977030	0.988533	-0.001738	-0.002067
2019.12.12 11:56:02.306	0.969142	0.980316	0.962240	1.006281	0.959610	1.029288	-0.002067	-0.002067
2019.12.12 11:56:02.556	0.970785	0.976044	0.961582	1.001022	0.975058	1.050322	-0.001738	-0.001738
2019.12.12 11:56:02.806	0.968484	0.975058	0.958953	1.000694	0.955666	1.084175	-0.001738	-0.001738
2019.12.12 11:56:03.056	0.970128	0.981302	0.963554	0.997078	0.977030	1.038162	-0.002067	-0.001738
2019.12.12 11:56:03.306	0.971114	0.973086	0.962568	1.012197	0.954352	1.018770	-0.002067	-0.002067
2019.12.12 11:56:03.556	0.968813	0.980316	0.957967	1.005624	0.984589	0.955666	-0.002067	-0.002067
2019.12.12 11:56:03.806	0.973743	0.974072	0.956652	1.024358	0.968813	0.975715	-0.001738	-0.002067
2019.12.12 11:56:04.056	0.968813	0.974729	0.959610	1.027316	0.980645	0.978673	-0.002395	-0.002067
2019.12.12 11:56:04.306	0.964869	0.976701	0.960925	1.043749	0.959610	0.995106	-0.002067	-0.002067
2019.12.12 11:56:04.556	0.970128	0.981302	0.961582	1.040462	0.970456	1.020742	-0.002067	-0.002067
2019.12.12 11:56:04.806	0.971114	0.985575	0.958953	1.038162	0.966841	1.016798	-0.001738	-0.001738
2019.12.12 11:56:05.056	0.968484	0.979659	0.958296	1.042434	0.955666	1.046378	-0.001738	-0.002067
2019.12.12 11:56:05.306	0.968484	0.987547	0.956324	1.046050	0.963226	1.042106	-0.001738	-0.002067
2019.12.12 11:56:05.556	0.973414	0.979330	0.960596	1.031260	0.969799	1.009896	-0.002067	-0.001738
2019.12.12 11:56:05.806	0.970456	0.981302	0.962568	1.026330	0.976701	0.992148	-0.002067	-0.001738
2019.12.12 11:56:06.056	0.968156	0.979659	0.961582	1.010554	0.970456	0.983603	-0.001409	-0.001409
2019.12.12 11:56:06.306	0.966184	0.980974	0.960268	0.989190	0.995435	0.945807	-0.001738	-0.002067
2019.12.12 11:56:06.556	0.972757	0.976701	0.963226	0.992148	0.964869	1.008253	-0.002067	-0.002395
2019.12.12 11:56:06.806	0.968813	0.977687	0.961254	0.993463	0.996421	0.984918	-0.002067	-0.002067
2019.12.12 11:56:07.056	0.970128	0.974729	0.962240	1.005624	0.976372	0.980645	-0.002067	-0.002395
2019.12.12 11:56:07.306	0.970128	0.975386	0.961582	1.024029	0.971771	1.005952	-0.002067	-0.001738
2019.12.12 11:56:07.556	0.969799	0.981960	0.960596	1.037833	0.975058	0.972757	-0.002067	-0.001738
2019.12.12 11:56:07.806	0.970785	0.978016	0.963883	1.053938	0.953037	1.015812	-0.002067	-0.002395
2019.12.12 11:56:08.056	0.967498	0.977687	0.960925	1.055252	0.977358	0.981960	-0.001738	-0.002067
2019.12.12 11:56:08.306	0.966841	0.980316	0.961254	1.041120	0.971114	0.991162	-0.001738	-0.002067
2019.12.12 11:56:08.556	0.967498	0.983603	0.960268	1.015812	0.968813	1.006938	-0.001738	-0.002067
2019.12.12 11:56:08.806	0.969799	0.972757	0.961582	0.994120	0.969799	1.049008	-0.001738	-0.002067
2019.12.12 11:56:09.056	0.969799	0.980974	0.962568	0.981302	0.959282	1.016141	-0.002067	-0.001738
2019.12.12 11:56:09.306	0.970128	0.980645	0.962240	0.979659	0.954680	0.994449	-0.002067	-0.001738
2019.12.12 11:56:09.556	0.967827	0.979002	0.959610	0.974729	0.984589	0.952380	-0.001738	-0.001738
2019.12.12 11:56:09.806	0.968484	0.975386	0.961582	0.979330	0.974400	0.969799	-0.002067	-0.002067
2019.12.12 11:56:10.056	0.970785	0.976701	0.960925	0.992148	0.965198	0.991820	-0.001409	-0.001409
2019.12.12 11:56:10.306	0.970456	0.977358	0.961582	1.002994	0.969799	0.986232	-0.001738	-0.002067
2019.12.12 11:56:10.556	0.973743	0.974400	0.956981	1.048350	0.961582	0.997407	-0.001738	-0.002067
2019.12.12 11:56:10.806	0.973414	0.974400	0.964540	1.084504	0.965526	1.017456	-0.001738	-0.002067
2019.12.12 11:56:11.056	0.967170	0.984260	0.961582	1.115398	0.955338	1.020742	-0.001738	-0.001409
2019.12.12 11:56:11.306	0.969470	0.979002	0.961582	1.085818	0.978344	1.030274	-0.002395	-0.001738
2019.12.12 11:56:11.556	0.966841	0.976372	0.966841	1.053938	0.997407	1.050980	-0.002067	-0.002067
2019.12.12 11:56:11.806	0.968813	0.975715	0.958953	1.035204	0.990176	1.043092	-0.001738	-0.002067
2019.12.12 11:56:12.056	0.965526	0.983274	0.955338	1.035861	0.985246	1.058210	-0.002067	-0.001738
2019.12.12 11:56:12.306	0.968156	0.978016	0.958953	1.028959	0.973086	1.032574	-0.002067	-0.001738
2019.12.12 11:56:12.556	0.968156	0.978344	0.960268	1.019756	0.969799	1.052294	-0.002067	-0.001409
2019.12.12 11:56:12.806	0.974400	0.977358	0.962897	0.999379	0.960596	1.051637	-0.001738	-0.002067
2019.12.12 11:56:13.056	0.965198	0.982946	0.963226	0.980316	0.963554	1.063140	-0.002067	-0.001738
2019.12.12 11:56:13.306	0.969142	0.990505	0.954023	0.980645	0.953037	1.058210	-0.002067	-0.002067
2019.12.12 11:56:13.556	0.968813	0.980974	0.962897	0.976044	0.977030	1.047693	-0.001738	-0.001409
2019.12.12 11:56:13.806	0.965855	0.975715	0.963226	0.988204	0.979988	1.012526	-0.002067	-0.001738
2019.12.12 11:56:14.056	0.971114	0.979002	0.959282	1.021400	0.966184	1.010882	-0.002067	-0.002395
2019.12.12 11:56:14.306	0.968813	0.979330	0.965526	1.062154	0.986890	0.951065	-0.001738	-0.001738
2019.12.12 11:56:14.556	0.973414	0.976044	0.966841	1.082203	0.983932	0.942191	-0.002067	-0.002067
2019.12.12 11:56:14.806	0.971442	0.975715	0.960596	1.059854	0.972100	0.967170	-0.002067	-0.001738
2019.12.12 11:56:15.056	0.969799	0.983274	0.955666	1.030274	0.966841	0.971114	-0.001738	-0.002067
2019.12.12 11:56:15.306	0.969142	0.974400	0.959282	1.008582	0.976701	0.971442	-0.001738	-0.002395
2019.12.12 11:56:15.556	0.967827	0.981302	0.958953	1.012526	0.959610	1.005952	-0.001738	-0.002067
2019.12.12 11:56:15.806	0.971114	0.984589	0.955666	1.019428	0.927401	1.027973	-0.002067	-0.002395
2019.12.12 11:56:16.056	0.970785	0.979988	0.961254	1.013183	0.951722	1.040462	-0.001409	-0.001738
2019.12.12 11:56:16.306	0.971771	0.977030	0.958953	1.003980	0.957310	1.045392	-0.001738	-0.002067
2019.12.12 11:56:16.556	0.968156	0.976701	0.961254	0.998393	0.965198	1.040791	-0.001738	-0.001738
2019.12.12 11:56:16.806	0.967170	0.993134	0.955009	1.005624	0.951065	0.995106	-0.002067	-0.002395
2019.12.12 11:56:17.056	0.972428	0.982617	0.960596	1.034546	0.973414	0.988862	-0.001738	-0.002067
2019.12.12 11:56:17.306	0.962240	0.986232	0.959282	1.053609	0.996750	0.973086	-0.002067	-0.001738
2019.12.12 11:56:17.556	0.967170	0.981631	0.958624	1.071357	0.972757	0.995435	-0.001738	-0.002067
2019.12.12 11:56:17.806	0.965855	0.975058	0.962568	1.041777	1.002337	0.990505	-0.001738	-0.002067
2019.12.12 11:56:18.056	0.966184	0.980316	0.956324	1.009239	0.986232	0.969142	-0.002067	-0.002067
2019.12.12 11:56:18.306	0.964869	0.974072	0.964869	0.984589	0.975715	1.007596	-0.002067	-0.002395
2019.12.12 11:56:18.556	0.968156	0.977030	0.961582	0.979659	0.987876	0.973086	-0.002067	-0.002067
2019.12.12 11:56:18.806	0.971114	0.976044	0.965198	0.985904	0.978344	0.995435	-0.001738	-0.002395
2019.12.12 11:56:19.056	0.973414	0.977687	0.961911	0.983274	0.976701	0.983274	-0.002067	-0.001738
2019.12.12 11:56:19.306	0.969799	0.981302	0.957967	1.001022	0.959282	1.023043	-0.002067	-0.001738
2019.12.12 11:56:19.556	0.976372	0.976044	0.963554	1.003980	0.961582	1.006938	-0.002067	-0.002067
2019.12.12 11:56:19.806	0.974072	0.978016	0.962568	1.022057	0.966841	1.009568	-0.002067	-0.001738
2019.12.12 11:56:20.056	0.969470	0.981960	0.960596	1.032574	0.971114	0.968813	-0.001738	-0.001738
2019.12.12 11:56:20.306	0.968484	0.983603	0.953694	1.054595	0.930359	1.053938	-0.001409	-0.001738
2019.12.12 11:56:20.556	0.967827	0.978673	0.961582	1.050651	0.964540	0.999708	-0.001738	-0.002067
2019.12.12 11:56:20.806	0.961911	0.990505	0.954680	1.057553	0.932331	1.022714	-0.001738	-0.001738
2019.12.12 11:56:21.056	0.971771	0.977687	0.963554	1.044406	0.973086	1.012526	-0.002067	-0.002067
2019.12.12 11:56:21.306	0.969142	0.979002	0.960596	1.022057	0.980316	1.018442	-0.002067	-0.002395
2019.12.12 11:56:21.556	0.966512	0.981631	0.960925	1.009239	0.966841	1.117041	-0.001738	-0.001738
2019.12.12 11:56:21.806	0.970128	0.980974	0.959610	0.998064	0.964540	1.101923	-0.001738	-0.001738
2019.12.12 11:56:22.056	0.970128	0.980645	0.958296	1.001351	0.950736	1.118685	-0.002395	-0.001738
2019.12.12 11:56:22.306	0.966512	0.981631	0.962240	0.994120	0.983274	1.051637	-0.002067	-0.001738
2019.12.12 11:56:22.556	0.974072	0.978016	0.957638	1.017456	0.939233	1.020742	-0.002067	-0.001738
2019.12.12 11:56:22.806	0.968484	0.976701	0.966512	1.001351	0.994778	0.953694	-0.002395	-0.001738
2019.12.12 11:56:23.056	0.968156	0.986561	0.958624	1.000694	0.957638	0.956981	-0.002067	-0.001738
2019.12.12 11:56:23.306	0.973086	0.969799	0.962240	1.004966	0.974072	0.993134	-0.002067	-0.001738
2019.12.12 11:56:23.556	0.969470	0.975058	0.960268	1.013840	0.964212	1.004966	-0.001738	-0.001738
2019.12.12 11:56:23.806	0.969799	0.984918	0.956652	1.027644	0.971771	0.958624	-0.001738	-0.001738
2019.12.12 11:56:24.056	0.973743	0.975386	0.960268	1.047036	0.974072	1.019428	-0.002067	-0.002067
2019.12.12 11:56:24.306	0.968813	0.983274	0.963883	1.051308	0.992477	0.979002	-0.001738	-0.001738
2019.12.12 11:56:24.556	0.976044	0.973743	0.965526	1.053938	0.974072	1.066756	-0.001409	-0.002067
2019.12.12 11:56:24.806	0.967498	0.986232	0.961254	1.022057	0.992806	1.032574	-0.001738	-0.001738
2019.12.12 11:56:25.056	0.967827	0.982288	0.960596	1.013840	0.963554	1.111783	-0.002067	-0.002067
2019.12.12 11:56:25.306	0.973414	0.983932	0.955666	1.010225	0.959282	1.070700	-0.002067	-0.001738
2019.12.12 11:56:25.556	0.974400	0.976701	0.964869	1.006281	0.955338	1.087133	-0.002067	-0.001738
2019.12.12 11:56:25.806	0.971114	0.982617	0.958624	1.005295	0.957967	0.990834	-0.002067	-0.002067
2019.12.12 11:56:26.056	0.968813	0.976701	0.958296	1.001351	0.961911	0.984260	-0.002067	-0.002067
2019.12.12 11:56:26.306	0.971114	0.976044	0.960596	0.999708	0.974400	0.976372	-0.001409	-0.001738
2019.12.12 11:56:26.556	0.973086	0.973086	0.958624	1.008910	0.972100	0.972428	-0.002067	-0.002067
2019.12.12 11:56:26.806	0.969799	0.977030	0.959939	1.015812	0.978016	0.989519	-0.001409	-0.002067
2019.12.12 11:56:27.056	0.967498	0.982288	0.959610	1.036190	0.955338	0.982946	-0.001738	-0.002067
2019.12.12 11:56:27.306	0.968156	0.981302	0.962568	1.071357	0.965526	0.987218	-0.002067	-0.002067
2019.12.12 11:56:27.556	0.973743	0.979659	0.956981	1.098308	0.954023	0.991820	-0.001738	-0.001738
2019.12.12 11:56:27.806	0.970785	0.984260	0.958296	1.098308	0.963554	1.013183	-0.002067	-0.002395
2019.12.12 11:56:28.056	0.966512	0.986232	0.962240	1.066756	0.963226	1.010554	-0.001738	-0.002067
2019.12.12 11:56:28.306	0.970128	0.977030	0.962897	1.030274	0.969142	1.045064	-0.001738	-0.002067
2019.12.12 11:56:28.556	0.971114	0.981960	0.959610	1.010882	0.974400	1.008582	-0.001738	-0.002067
2019.12.12 11:56:28.806	0.968156	0.979002	0.961254	0.994778	0.965855	1.037176	-0.002067	-0.002067
2019.12.12 11:56:29.056	0.964540	0.984260	0.958296	0.983274	0.983603	0.993792	-0.001409	-0.002067
2019.12.12 11:56:29.306	0.972757	0.976701	0.963226	0.983603	0.979002	1.007924	-0.002067	-0.001738
2019.12.12 11:56:29.556	0.963554	0.975386	0.960925	0.980645	0.998393	0.998393	-0.001409	-0.001738
2019.12.12 11:56:29.806	0.968813	0.978016	0.961911	0.987547	0.968484	1.044735	-0.002067	-0.001738
2019.12.12 11:56:30.056	0.968813	0.979330	0.958624	0.995106	0.989519	0.990834	-0.001738	-0.002067
2019.12.12 11:56:30.306	0.973414	0.982946	0.957967	1.013183	0.955995	1.059196	-0.001738	-0.001738
2019.12.12 11:56:30.556	0.969470	0.976701	0.961911	1.013840	0.971771	1.020414	-0.001738	-0.001738
2019.12.12 11:56:30.806	0.971771	0.976372	0.962240	1.025015	0.957310	1.012526	-0.001738	-0.002395
2019.12.12 11:56:31.056	0.969142	0.980316	0.961582	1.038490	0.960268	1.004309	-0.001738	-0.001738
2019.12.12 11:56:31.306	0.967170	0.977687	0.962897	1.044735	0.976701	0.975715	-0.001738	-0.002067
2019.12.12 11:56:31.556	0.967827	0.974729	0.964212	1.059525	0.976044	0.977358	-0.001738	-0.001738
2019.12.12 11:56:31.806	0.967827	0.982288	0.961582	1.057553	0.977358	0.961911	-0.001738	-0.001738
2019.12.12 11:56:32.056	0.965855	0.981302	0.962240	1.047693	0.969470	0.967170	-0.002067	-0.001738
2019.12.12 11:56:32.306	0.964540	0.982617	0.961911	1.041448	0.981960	0.956652	-0.001738	-0.002724
2019.12.12 11:56:32.556	0.970456	0.980645	0.960596	1.038162	0.965855	0.990505	-0.002067	-0.001738
2019.12.12 11:56:32.806	0.973414	0.976044	0.963883	1.032903	0.986232	1.001680	-0.001738	-0.001738
2019.12.12 11:56:33.056	0.973414	0.977358	0.963554	1.021071	1.005624	0.962897	-0.001738	-0.001738
2019.12.12 11:56:33.306	0.970456	0.974072	0.961582	1.012854	0.985904	1.012854	-0.002395	-0.001738
2019.12.12 11:56:33.556	0.972100	0.972428	0.962897	0.997078	0.971114	1.060182	-0.002067	-0.001738
2019.12.12 11:56:33.806	0.966184	0.978344	0.961254	0.988533	0.981631	1.022057	-0.001738	-0.001738
2019.12.12 11:56:34.056	0.966841	0.981631	0.962568	0.982946	0.977358	1.002994	-0.001738	-0.001738
2019.12.12 11:56:34.306	0.967498	0.982288	0.961911	0.987547	0.954023	1.061497	-0.002067	-0.002067
2019.12.12 11:56:34.556	0.970785	0.981631	0.960268	0.989848	0.962568	1.032246	-0.001738	-0.001738
2019.12.12 11:56:34.806	0.966841	0.983932	0.960925	0.997407	0.972428	1.032903	-0.001738	-0.002067
2019.12.12 11:56:35.056	0.968813	0.976701	0.961582	1.012197	0.982617	1.030602	-0.001738	-0.002067
2019.12.12 11:56:35.306	0.966512	0.977358	0.961582	1.037176	0.947121	1.097650	-0.002067	-0.002067
2019.12.12 11:56:35.556	0.964869	0.977687	0.963226	1.054266	0.972428	1.032574	-0.002067	-0.001738
2019.12.12 11:56:35.806	0.969470	0.979002	0.960268	1.068728	0.975058	1.023372	-0.001738	-0.001738
2019.12.12 11:56:36.056	0.966841	0.978673	0.955995	1.085818	0.954352	1.005952	-0.002067	-0.002067
2019.12.12 11:56:36.306	0.970128	0.976701	0.961582	1.071028	0.961582	0.997736	-0.002067	-0.001738
2019.12.12 11:56:36.556	0.967170	0.984260	0.958953	1.054924	0.932003	1.001351	-0.002067	-0.002067
2019.12.12 11:56:36.806	0.965198	0.981302	0.958624	1.023700	0.959610	1.007267	-0.001738	-0.002067
2019.12.12 11:56:37.056	0.968484	0.980974	0.965526	1.013183	0.960268	1.025344	-0.001738	-0.001738
2019.12.12 11:56:37.306	0.973743	0.978344	0.961911	1.012526	0.981631	1.037176	-0.002067	-0.002067
2019.12.12 11:56:37.556	0.967170	0.984260	0.958953	1.021728	0.995435	1.053938	-0.001738	-0.001738
2019.12.12 11:56:37.806	0.973086	0.977358	0.958624	1.052952	0.993134	1.091077	-0.002395	-0.002067
2019.12.12 11:56:38.056	0.965855	0.981631	0.960596	1.078916	1.002337	1.044406	-0.001409	-0.002067
2019.12.12 11:56:38.306	0.964869	0.982288	0.956652	1.094364	0.964212	1.070700	-0.002067	-0.001738
2019.12.12 11:56:38.556	0.966841	0.977358	0.959610	1.049994	0.976701	1.008253	-0.001738	-0.002395
2019.12.12 11:56:38.806	0.971114	0.970128	0.969142	1.001351	0.977358	1.002666	-0.001738	-0.002067
2019.12.12 11:56:39.056	0.969470	0.977687	0.962240	0.978344	0.964212	0.965198	-0.001738	-0.002067
2019.12.12 11:56:39.306	0.968813	0.976701	0.964212	0.973414	0.984260	0.957967	-0.002067	-0.002067
2019.12.12 11:56:39.556	0.966184	0.974400	0.962240	0.973414	0.980316	0.952708	-0.002395	-0.001409
2019.12.12 11:56:39.806	0.972100	0.980316	0.960596	0.982617	0.969142	0.984589	-0.001409	-0.002067
2019.12.12 11:56:40.056	0.970785	0.974729	0.959282	0.994778	0.983603	0.960268	-0.002067	-0.001738
2019.12.12 11:56:40.306	0.967170	0.977030	0.959610	1.025344	0.996421	0.950408	-0.001081	-0.001409
2019.12.12 11:56:40.556	0.970128	0.974729	0.960925	1.063140	0.988204	0.972757	-0.002067	-0.002067
2019.12.12 11:56:40.806	0.967498	0.975058	0.963554	1.076287	1.001680	0.984918	-0.001409	-0.002067
2019.12.12 11:56:41.056	0.973086	0.975058	0.963554	1.061497	1.003652	1.012197	-0.001738	-0.001738
2019.12.12 11:56:41.306	0.971442	0.979659	0.960268	1.022386	0.976044	1.058210	-0.002067	-0.001738
2019.12.12 11:56:41.556	0.969142	0.980645	0.956652	1.002008	0.963883	1.060182	-0.002067	-0.002067
2019.12.12 11:56:41.806	0.965526	0.986890	0.958953	0.988204	0.964212	0.986232	-0.002067	-0.002067
2019.12.12 11:56:42.056	0.969470	0.982946	0.955995	0.989190	0.961582	0.978016	-0.001738	-0.001738
2019.12.12 11:56:42.306	0.968484	0.977687	0.960596	0.987218	0.958953	0.987876	-0.002067	-0.001738
2019.12.12 11:56:42.556	0.968156	0.979002	0.961254	0.998393	0.968484	0.997407	-0.001738	-0.001738
2019.12.12 11:56:42.806	0.969470	0.978016	0.961582	1.010882	0.973743	0.988862	-0.002067	-0.001738
2019.12.12 11:56:43.056	0.969470	0.977687	0.959282	1.032246	0.985904	0.977030	-0.001738	-0.002067
2019.12.12 11:56:43.306	0.966184	0.978673	0.961582	1.072343	0.993463	0.989519	-0.001738	-0.001738
2019.12.12 11:56:43.556	0.966512	0.979659	0.959610	1.089434	0.980645	1.014826	-0.002067	-0.001738
2019.12.12 11:56:43.806	0.970128	0.974729	0.955666	1.079245	0.977687	1.058539	-0.001738	-0.002067
2019.12.12 11:56:44.056	0.971771	0.979659	0.962568	1.053609	0.981631	1.037176	-0.002067	-0.001738
2019.12.12 11:56:44.306	0.970785	0.975715	0.960268	1.033889	0.985246	1.006938	-0.001738	-0.001738
2019.12.12 11:56:44.556	0.965855	0.979330	0.960925	1.014826	0.974729	0.993134	-0.002067	-0.002067
2019.12.12 11:56:44.806	0.966841	0.977030	0.959610	1.007596	0.954680	0.998722	-0.002067	-0.001738
2019.12.12 11:56:45.056	0.969470	0.978344	0.959610	0.996092	0.973414	0.985904	-0.002067	-0.001738
2019.12.12 11:56:45.306	0.968813	0.980645	0.960268	0.988862	0.970128	0.980974	-0.002067	-0.001738
2019.12.12 11:56:45.556	0.970785	0.974729	0.959282	0.983932	0.962568	0.989190	-0.002067	-0.001738
2019.12.12 11:56:45.806	0.974072	0.976701	0.959610	0.992806	0.951065	0.996750	-0.001738	-0.002067
2019.12.12 11:56:46.056	0.966841	0.982617	0.960596	0.989848	0.959939	0.991491	-0.002395	-0.001738
2019.12.12 11:56:46.306	0.963226	0.976044	0.968813	0.989190	1.006610	0.921814	-0.001409	-0.002067
2019.12.12 11:56:46.556	0.972100	0.975058	0.960596	1.018770	0.983274	0.995435	-0.001738	-0.002067
2019.12.12 11:56:46.806	0.966184	0.978673	0.964212	1.031588	0.988204	1.028302	-0.001409	-0.001738
2019.12.12 11:56:47.056	0.968156	0.983603	0.960925	1.035532	0.958296	1.061497	-0.002067	-0.001409
2019.12.12 11:56:47.306	0.970456	0.974729	0.958296	1.032574	0.965526	1.049665	-0.001738	-0.002067
2019.12.12 11:56:47.556	0.968156	0.979330	0.960925	1.025344	0.976044	1.004966	-0.002067	-0.002395
2019.12.12 11:56:47.806	0.971771	0.972428	0.967498	1.035861	0.976044	1.015155	-0.001738	-0.002067
2019.12.12 11:56:48.056	0.968813	0.978673	0.960925	1.043749	0.978673	0.978344	-0.001738	-0.002067
2019.12.12 11:56:48.306	0.969142	0.976372	0.964540	1.057224	0.960268	1.000365	-0.001738	-0.002067
2019.12.12 11:56:48.556	0.969799	0.979330	0.961254	1.060511	0.958624	1.002666	-0.001738	-0.002395
2019.12.12 11:56:48.806	0.966841	0.986561	0.958953	1.033889	0.971442	0.993792	-0.001738	-0.001738
2019.12.12 11:56:49.056	0.963226	0.981302	0.960596	1.011868	0.988862	0.988204	-0.001738	-0.001738
2019.12.12 11:56:49.306	0.968484	0.976701	0.961254	0.999050	0.988533	1.037504	-0.002067	-0.001738
2019.12.12 11:56:49.556	0.968484	0.979659	0.961582	0.996092	0.984589	1.062812	-0.002067	-0.001738
2019.12.12 11:56:49.806	0.970785	0.974729	0.960268	1.004966	0.985575	1.045392	-0.001738	-0.001738
2019.12.12 11:56:50.056	0.969799	0.974400	0.966512	1.018770	0.982288	1.016798	-0.002067	-0.001738
2019.12.12 11:56:50.306	0.971114	0.978344	0.961582	1.039476	0.982946	0.975058	-0.002067	-0.002067
2019.12.12 11:56:50.556	0.973086	0.969799	0.963883	1.031588	0.985575	0.981302	-0.001738	-0.002067
2019.12.12 11:56:50.806	0.969799	0.979002	0.961911	1.041448	0.977030	0.986232	-0.001738	-0.001409
2019.12.12 11:56:51.056	0.970128	0.972757	0.958624	1.039805	0.966512	1.002008	-0.001738	-0.001738
2019.12.12 11:56:51.306	0.970785	0.979988	0.959282	1.046378	0.962897	1.007924	-0.002067	-0.002067
2019.12.12 11:56:51.556	0.969470	0.978673	0.960596	1.043420	0.969142	1.006281	-0.002067	-0.001738
2019.12.12 11:56:51.806	0.966184	0.983932	0.955666	1.031917	0.948765	1.032246	-0.001738	-0.002067
2019.12.12 11:56:52.056	0.962897	0.978673	0.958296	1.008582	0.967498	1.020742	-0.001738	-0.001738
2019.12.12 11:56:52.306	0.971771	0.977358	0.959610	0.998722	0.956981	0.996750	-0.001409	-0.002067
2019.12.12 11:56:52.556	0.967498	0.980974	0.959282	0.989848	0.974400	0.984589	-0.001409	-0.002067
2019.12.12 11:56:52.806	0.972757	0.977687	0.965526	0.989519	0.976372	0.964869	-0.001409	-0.002067
2019.12.12 11:56:53.056	0.964540	0.979002	0.963883	0.985246	0.985246	0.980974	-0.001738	-0.001409
2019.12.12 11:56:53.306	0.973086	0.975058	0.962568	0.992477	0.982617	0.926415	-0.002067	-0.002067
2019.12.12 11:56:53.556	0.968156	0.970128	0.963883	0.994778	0.976372	1.002337	-0.001738	-0.002067
2019.12.12 11:56:53.806	0.965526	0.983932	0.960596	1.000365	0.979330	0.996750	-0.001738	-0.001738
2019.12.12 11:56:54.056	0.970785	0.972100	0.961911	1.027644	0.983274	0.996092	-0.001738	-0.002067
2019.12.12 11:56:54.306	0.969142	0.977687	0.961254	1.053280	0.970456	1.015155	-0.002067	-0.002067
2019.12.12 11:56:54.556	0.970785	0.978344	0.959610	1.063469	0.983932	0.991491	-0.002067	-0.001738
2019.12.12 11:56:54.806	0.964869	0.977687	0.959282	1.062483	0.960268	1.029616	-0.002067	-0.001738
2019.12.12 11:56:55.056	0.970785	0.978344	0.958624	1.043420	0.982617	0.987547	-0.001738	-0.001738
2019.12.12 11:56:55.306	0.970456	0.983274	0.960596	1.019099	0.959610	1.021071	-0.001409	-0.002067
2019.12.12 11:56:55.556	0.969142	0.978016	0.959610	1.009568	0.978016	0.979659	-0.002067	-0.002067
2019.12.12 11:56:55.806	0.969799	0.975386	0.958624	1.002666	0.957967	1.002666	-0.001738	-0.001738
2019.12.12 11:56:56.056	0.965526	0.977358	0.960925	0.999708	0.962897	0.993134	-0.002067	-0.002067
2019.12.12 11:56:56.306	0.970785	0.974400	0.959939	0.999050	0.979659	0.974400	-0.001738	-0.002067
2019.12.12 11:56:56.556	0.970128	0.971771	0.963226	1.005295	0.990505	0.961582	-0.002067	-0.001738
2019.12.12 11:56:56.806	0.968813	0.980645	0.961582	1.016141	0.972757	0.992806	-0.001738	-0.002067
2019.12.12 11:56:57.056	0.971114	0.979330	0.961911	1.029616	0.967498	1.026330	-0.002067	-0.002067
2019.12.12 11:56:57.306	0.971114	0.981302	0.956652	1.038162	0.978344	1.005624	-0.002067	-0.001738
2019.12.12 11:56:57.556	0.973743	0.979002	0.962240	1.045392	0.972757	1.042763	-0.001738	-0.001738
2019.12.12 11:56:57.806	0.968813	0.982617	0.964540	1.059196	0.969142	1.022714	-0.001738	-0.002067
2019.12.12 11:56:58.056	0.970785	0.977358	0.959939	1.054595	0.952380	1.032903	-0.001409	-0.002067
2019.12.12 11:56:58.306	0.974072	0.978344	0.961911	1.016798	0.965198	1.017456	-0.001738	-0.002395
2019.12.12 11:56:58.556	0.968484	0.981960	0.957310	0.992477	0.961254	0.978673	-0.001738	-0.001738
2019.12.12 11:56:58.806	0.965855	0.978016	0.962568	0.975715	0.983932	0.950079	-0.001738	-0.001738
2019.12.12 11:56:59.056	0.966512	0.981302	0.961254	0.983274	0.981631	0.982617	-0.001738	-0.002067
2019.12.12 11:56:59.306	0.969799	0.976701	0.959610	0.992148	0.979002	0.989519	-0.001738	-0.002067
2019.12.12 11:56:59.556	0.964869	0.978344	0.961582	1.007267	0.998064	0.974400	-0.001738	-0.001738
2019.12.12 11:56:59.806	0.973743	0.977687	0.960268	1.055581	0.973414	1.011211	-0.001738	-0.002067
2019.12.12 11:57:00.056	0.962897	0.979659	0.964869	1.068728	0.979002	1.027644	-0.001738	-0.002067
2019.12.12 11:57:00.306	0.966841	0.983932	0.955338	1.064126	0.968156	1.032246	-0.002067	-0.001409
2019.12.12 11:57:00.556	0.967170	0.977358	0.959610	1.058868	0.962240	1.047693	-0.002067	-0.001738
2019.12.12 11:57:00.806	0.972757	0.978016	0.962240	1.043749	0.981302	1.005952	-0.001738	-0.001738
2019.12.12 11:57:01.056	0.971442	0.973414	0.961911	1.027973	0.966512	0.980645	-0.001409	-0.002067
2019.12.12 11:57:01.306	0.968484	0.976044	0.958296	1.008582	0.962897	0.983932	-0.002067	-0.001738
2019.12.12 11:57:01.556	0.968484	0.979659	0.961911	0.993463	0.956324	0.997407	-0.001738	-0.001738
2019.12.12 11:57:01.806	0.966184	0.980316	0.961911	0.981960	0.957310	1.007924	-0.001738	-0.002067
2019.12.12 11:57:02.056	0.967170	0.977358	0.960268	0.972100	0.979002	0.981631	-0.001738	-0.001738
2019.12.12 11:57:02.306	0.973086	0.978344	0.962568	0.979002	0.976372	0.978673	-0.002067	-0.002067
2019.12.12 11:57:02.556	0.970456	0.975386	0.963226	0.978016	0.984589	0.967498	-0.002067	-0.001738
2019.12.12 11:57:02.806	0.969142	0.978673	0.963226	0.989848	0.968156	0.999050	-0.001409	-0.002067
2019.12.12 11:57:03.056	0.972428	0.980316	0.959939	1.009568	0.964212	1.013840	-0.002067	-0.001738
2019.12.12 11:57:03.306	0.966841	0.979330	0.958953	1.041120	0.974072	0.984260	-0.002067	-0.002067
2019.12.12 11:57:03.556	0.971114	0.974729	0.962897	1.071028	0.991162	0.957967	-0.001738	-0.001738
2019.12.12 11:57:03.806	0.968484	0.981302	0.962568	1.087133	0.983274	0.985246	-0.001409	-0.002067
2019.12.12 11:57:04.056	0.969470	0.973086	0.960925	1.087462	0.977687	0.994120	-0.002067	-0.001738
2019.12.12 11:57:04.306	0.969142	0.975386	0.964212	1.068728	0.980974	1.015484	-0.001738	-0.001738
2019.12.12 11:57:04.556	0.969470	0.979330	0.960596	1.035532	0.967498	1.049665	-0.001738	-0.002067
2019.12.12 11:57:04.806	0.967170	0.978673	0.959610	0.990834	0.980974	1.039148	-0.001738	-0.001409
2019.12.12 11:57:05.056	0.971771	0.975715	0.963226	0.982288	0.981960	1.034875	-0.001738	-0.002067
2019.12.12 11:57:05.306	0.965198	0.980645	0.961911	0.980645	0.977030	1.026001	-0.001409	-0.002395
2019.12.12 11:57:05.556	0.970128	0.984918	0.956652	0.997736	0.943835	1.047364	-0.001738	-0.002067
2019.12.12 11:57:05.806	0.971771	0.978673	0.963883	1.012854	0.970456	1.002994	-0.001409	-0.001738
2019.12.12 11:57:06.056	0.968156	0.984589	0.961582	1.040791	0.948765	0.987218	-0.002067	-0.002067
2019.12.12 11:57:06.306	0.972428	0.977687	0.961911	1.064126	0.958953	0.995435	-0.001738	-0.001409
2019.12.12 11:57:06.556	0.972100	0.977030	0.967498	1.047364	0.988533	0.955009	-0.002067	-0.001409
2019.12.12 11:57:06.806	0.964869	0.977358	0.961582	1.028959	0.976701	0.986561	-0.001738	-0.002067
2019.12.12 11:57:07.056	0.964869	0.982946	0.961911	1.006281	0.993463	0.969470	-0.002067	-0.001738
2019.12.12 11:57:07.306	0.970128	0.975058	0.959282	0.994778	0.990505	0.990505	-0.002067	-0.001738
2019.12.12 11:57:07.556	0.969470	0.979002	0.960925	1.008253	0.970785	1.029945	-0.001738	-0.002067
2019.12.12 11:57:07.806	0.974072	0.978673	0.960268	1.021071	0.984589	1.003980	-0.002067	-0.001738
2019.12.12 11:57:08.056	0.972428	0.981960	0.956981	1.046378	0.965526	1.001351	-0.001738	-0.002067
2019.12.12 11:57:08.306	0.972428	0.980645	0.962240	1.058539	0.954023	1.041448	-0.001738	-0.001409
2019.12.12 11:57:08.556	0.974072	0.970785	0.968484	1.029288	0.982617	1.021728	-0.001738	-0.002067
2019.12.12 11:57:08.806	0.972428	0.976044	0.961254	1.009239	0.955009	1.022714	-0.002067	-0.002067
2019.12.12 11:57:09.056	0.965855	0.979659	0.962240	0.995435	0.981960	0.990505	-0.002067	-0.002067
2019.12.12 11:57:09.306	0.968484	0.977687	0.958953	1.000694	0.969470	0.998064	-0.001738	-0.001738
2019.12.12 11:57:09.556	0.972428	0.977358	0.958624	1.004966	0.981302	0.990505	-0.002067	-0.002395
2019.12.12 11:57:09.806	0.966841	0.978016	0.960268	1.012854	0.975058	0.992148	-0.001738	-0.002067
2019.12.12 11:57:10.056	0.973743	0.978344	0.961254	1.028630	0.974729	1.009568	-0.002067	-0.001738
2019.12.12 11:57:10.306	0.969142	0.979330	0.960925	1.051637	0.980316	0.988862	-0.001738	-0.001738
2019.12.12 11:57:10.556	0.976044	0.977687	0.957967	1.076287	0.964869	0.997078	-0.001738	-0.001738
2019.12.12 11:57:10.806	0.965855	0.981302	0.959282	1.083518	0.982946	0.950408	-0.001738	-0.001738
2019.12.12 11:57:11.056	0.971114	0.970128	0.965526	1.082203	0.995435	0.961254	-0.002067	-0.002395
2019.12.12 11:57:11.306	0.965198	0.978016	0.968156	1.058539	1.003980	0.947779	-0.002067	-0.002067
2019.12.12 11:57:11.556	0.974072	0.973414	0.960268	1.029288	0.956652	1.028302	-0.001738	-0.002067
2019.12.12 11:57:11.806	0.964869	0.984260	0.955995	0.990834	0.963554	1.036518	-0.001738	-0.002067
2019.12.12 11:57:12.056	0.974072	0.979659	0.960268	0.983274	0.947779	1.081546	-0.002067	-0.001738
2019.12.12 11:57:12.306	0.968484	0.977687	0.961254	0.973414	0.985904	1.059854	-0.002067	-0.002067
2019.12.12 11:57:12.556	0.969470	0.978673	0.957638	0.974072	0.979659	1.041777	-0.002067	-0.001738
2019.12.12 11:57:12.806	0.974072	0.974072	0.960268	0.980645	0.968156	1.026001	-0.002067	-0.002067
2019.12.12 11:57:13.056	0.971442	0.976701	0.961582	0.985904	0.972100	1.001680	-0.002067	-0.001738
2019.12.12 11:57:13.306	0.975715	0.977687	0.957967	1.003652	0.960925	0.988862	-0.001738	-0.001738
2019.12.12 11:57:13.556	0.971114	0.978016	0.963883	1.017127	0.985246	0.954680	-0.001738	-0.001738
2019.12.12 11:57:13.806	0.965198	0.979659	0.958624	1.034218	0.981302	0.940548	-0.002067	-0.001738
2019.12.12 11:57:14.056	0.968813	0.977358	0.964212	1.034546	0.982288	0.963883	-0.001738	-0.001738
2019.12.12 11:57:14.306	0.974400	0.979659	0.957638	1.026330	0.987218	0.941863	-0.001738	-0.001738
2019.12.12 11:57:14.556	0.970456	0.971114	0.963554	1.014498	0.985246	0.991162	-0.001738	-0.002067
2019.12.12 11:57:14.806	0.968156	0.982617	0.956652	1.002994	0.973086	0.960596	-0.001738	-0.002067
2019.12.12 11:57:15.056	0.971114	0.975058	0.959610	1.006938	0.973414	1.006281	-0.001738	-0.002067
2019.12.12 11:57:15.306	0.966512	0.983932	0.958624	1.016470	0.978673	1.012854	-0.001738	-0.002067
2019.12.12 11:57:15.556	0.969470	0.980645	0.960925	1.030274	0.973086	1.036518	-0.001738	-0.002067
2019.12.12 11:57:15.806	0.970785	0.981960	0.960925	1.026001	0.984589	1.029288	-0.001738	-0.002067
2019.12.12 11:57:16.056	0.970785	0.976701	0.963554	1.029616	0.965526	1.028959	-0.001738	-0.001738
2019.12.12 11:57:16.306	0.969799	0.977687	0.962240	1.017456	0.971771	1.024358	-0.001738	-0.002067
2019.12.12 11:57:16.556	0.973414	0.975386	0.960596	1.007596	0.958624	1.002994	-0.002067	-0.001738
2019.12.12 11:57:16.806	0.966841	0.977358	0.962568	0.987218	0.965855	1.014826	-0.002067	-0.001409
2019.12.12 11:57:17.056	0.965526	0.981302	0.964212	0.984260	0.964540	0.975386	-0.001738	-0.002395
2019.12.12 11:57:17.306	0.968484	0.977358	0.963883	0.984918	0.955338	1.018113	-0.002067	-0.002395
2019.12.12 11:57:17.556	0.968156	0.982946	0.959939	0.987547	0.960925	0.991820	-0.002067	-0.002067
2019.12.12 11:57:17.806	0.969799	0.978673	0.964540	0.994778	0.968156	1.007267	-0.002067	-0.002067
2019.12.12 11:57:18.056	0.967498	0.984589	0.962240	1.015155	0.964212	1.011868	-0.002395	-0.001738
2019.12.12 11:57:18.306	0.969142	0.981960	0.958953	1.052952	0.963883	1.013840	-0.002067	-0.001738
2019.12.12 11:57:18.556	0.971771	0.981302	0.957638	1.063140	0.955666	1.032903	-0.001738	-0.001738
2019.12.12 11:57:18.806	0.969470	0.980645	0.959610	1.072343	0.963226	1.031260	-0.002067	-0.002067
2019.12.12 11:57:19.056	0.968484	0.979002	0.964212	1.063798	0.973414	1.007596	-0.002395	-0.002067
2019.12.12 11:57:19.306	0.977030	0.981302	0.962897	1.044406	0.960268	1.026330	-0.001738	-0.001738
2019.12.12 11:57:19.556	0.967498	0.982617	0.960596	1.002008	0.957638	1.012854	-0.001738	-0.001738
2019.12.12 11:57:19.806	0.964212	0.984260	0.959939	0.985904	0.964869	1.018442	-0.002067	-0.002067
2019.12.12 11:57:20.056	0.968484	0.981302	0.957310	0.986890	0.960596	1.017784	-0.001738	-0.002395
2019.12.12 11:57:20.306	0.970785	0.980316	0.956652	1.004309	0.964212	1.012526	-0.001738	-0.002067
2019.12.12 11:57:20.556	0.968813	0.978673	0.957967	1.021071	0.972757	0.976372	-0.001738	-0.001738
2019.12.12 11:57:20.806	0.969799	0.977358	0.957638	1.027973	0.965198	0.993134	-0.001738	-0.001738
2019.12.12 11:57:21.056	0.974400	0.978344	0.962240	1.039476	0.970128	0.990834	-0.001738	-0.001738
2019.12.12 11:57:21.306	0.971114	0.975386	0.961582	1.041777	0.979002	0.988533	-0.002067	-0.001738
2019.12.12 11:57:21.556	0.969142	0.981302	0.962240	1.028630	0.983274	0.967170	-0.002395	-0.002067
2019.12.12 11:57:21.806	0.972428	0.980974	0.961254	1.009239	0.957638	1.003652	-0.001738	-0.001738
2019.12.12 11:57:22.056	0.968156	0.979330	0.959610	0.982946	0.980316	0.992148	-0.002067	-0.002395
2019.12.12 11:57:22.306	0.969142	0.982617	0.966841	0.971114	0.978016	1.013183	-0.002067	-0.001409
2019.12.12 11:57:22.556	0.971442	0.976372	0.955666	0.978344	0.965526	1.054595	-0.001738	-0.002067
2019.12.12 11:57:22.806	0.969142	0.984589	0.957638	0.980316	0.958953	1.037504	-0.002067	-0.002395
2019.12.12 11:57:23.056	0.971114	0.979330	0.959939	0.984260	0.955009	1.031917	-0.001738	-0.002067
2019.12.12 11:57:23.306	0.967827	0.979659	0.956652	0.977030	0.971114	0.975715	-0.001738	-0.002067
2019.12.12 11:57:23.556	0.971771	0.978344	0.959282	0.982617	0.970785	0.980316	-0.002067	-0.002067
2019.12.12 11:57:23.806	0.968484	0.976372	0.958624	0.989519	0.967498	0.981302	-0.001738	-0.002067
2019.12.12 11:57:24.056	0.968484	0.983932	0.961582	0.997078	0.961254	0.989190	-0.001738	-0.001409
2019.12.12 11:57:24.306	0.971442	0.978673	0.960268	1.012197	0.968813	0.972757	-0.001738	-0.001738
2019.12.12 11:57:24.556	0.968484	0.978016	0.957638	1.032574	0.973414	0.971771	-0.002067	-0.002067
2019.12.12 11:57:24.806	0.969470	0.976044	0.958624	1.056567	0.989190	0.967170	-0.002067	-0.001738
2019.12.12 11:57:25.056	0.970785	0.976044	0.960925	1.076287	0.986232	0.983932	-0.002067	-0.001738
2019.12.12 11:57:25.306	0.972428	0.975386	0.965198	1.057882	0.997736	0.991820	-0.001738	-0.001738
2019.12.12 11:57:25.556	0.969142	0.982617	0.963226	1.020742	0.984918	1.032246	-0.001738	-0.002067
2019.12.12 11:57:25.806	0.972757	0.973414	0.962568	0.993792	0.966184	1.059854	-0.001738	-0.002067
2019.12.12 11:57:26.056	0.967170	0.981631	0.962568	0.989190	0.950408	1.053609	-0.002067	-0.001738
2019.12.12 11:57:26.306	0.967827	0.978673	0.962568	0.983932	0.955995	1.035861	-0.001738	-0.002395
2019.12.12 11:57:26.556	0.970785	0.977030	0.960925	0.986890	0.960925	1.007924	-0.002067	-0.001738
2019.12.12 11:57:26.806	0.967827	0.979330	0.957638	0.989519	0.964869	0.984260	-0.001738	-0.001738
2019.12.12 11:57:27.056	0.969799	0.977030	0.962897	0.997078	0.964540	1.017784	-0.002067	-0.002067
2019.12.12 11:57:27.306	0.964869	0.982288	0.958624	1.031917	0.958624	0.996092	-0.002067	-0.001409
2019.12.12 11:57:27.556	0.971771	0.977687	0.962897	1.040462	0.974729	0.966512	-0.002067	-0.002067
2019.12.12 11:57:27.806	0.973414	0.974729	0.961254	1.029945	0.974400	0.970128	-0.002067	-0.001738
2019.12.12 11:57:28.056	0.976701	0.972757	0.964540	1.002994	0.989190	0.973414	-0.002395	-0.002067
2019.12.12 11:57:28.306	0.974072	0.978016	0.960268	0.992148	0.987876	0.981631	-0.001738	-0.001738
2019.12.12 11:57:28.556	0.973086	0.979330	0.958296	1.000365	0.973414	1.047036	-0.001738	-0.001738
2019.12.12 11:57:28.806	0.976372	0.980645	0.960596	1.001680	1.003980	1.046707	-0.002067	-0.002067
2019.12.12 11:57:29.056	0.972100	0.982617	0.963554	1.021400	0.997407	1.066098	-0.001738	-0.001738
2019.12.12 11:57:29.306	0.975058	0.974729	0.962897	1.041120	0.987218	1.043092	-0.002067	-0.002067
2019.12.12 11:57:29.556	0.971771	0.982288	0.955666	1.061826	0.970456	0.988862	-0.002067	-0.002067
2019.12.12 11:57:29.806	0.975058	0.972757	0.958953	1.051966	0.952380	0.996092	-0.001738	-0.002395
2019.12.12 11:57:30.056	0.969470	0.982617	0.957967	1.017784	0.968156	0.971114	-0.001409	-0.001409
2019.12.12 11:57:30.306	0.972757	0.982946	0.963226	0.995764	0.964869	0.951065	-0.001738	-0.001738
2019.12.12 11:57:30.556	0.969470	0.977687	0.960925	0.985246	0.966184	0.973743	-0.001409	-0.002067
2019.12.12 11:57:30.806	0.969470	0.981631	0.961254	0.989190	0.962897	0.978344	-0.002067	-0.002395
2019.12.12 11:57:31.056	0.969470	0.977030	0.960925	0.987218	0.964869	1.017456	-0.002067	-0.001738
2019.12.12 11:57:31.306	0.970128	0.980974	0.959282	0.990505	0.971114	1.002008	-0.002067	-0.001738
2019.12.12 11:57:31.556	0.970785	0.976701	0.954352	1.003980	0.978016	1.031260	-0.002067	-0.002067
2019.12.12 11:57:31.806	0.965855	0.980316	0.961254	1.010882	0.981631	1.051966	-0.002067	-0.002067
2019.12.12 11:57:32.056	0.965855	0.979002	0.957967	1.031588	0.970785	1.045064	-0.002724	-0.002067
2019.12.12 11:57:32.306	0.965855	0.977030	0.963226	1.049336	0.973086	1.003980	-0.002067	-0.001738
2019.12.12 11:57:32.556	0.964540	0.977687	0.961911	1.054266	0.968484	0.977687	-0.001738	-0.002067
2019.12.12 11:57:32.806	0.969142	0.980316	0.954352	1.027316	0.981960	0.966841	-0.001738	-0.002067
2019.12.12 11:57:33.056	0.965198	0.975715	0.966841	0.986561	0.984589	0.969142	-0.001738	-0.002067
2019.12.12 11:57:33.306	0.971114	0.978016	0.960596	0.979002	0.973743	0.991491	-0.002067	-0.001738
2019.12.12 11:57:33.556	0.973414	0.973743	0.960268	0.978673	0.975058	0.988862	-0.002067	-0.002067
2019.12.12 11:57:33.806	0.969142	0.979002	0.961254	0.983603	0.977030	0.991820	-0.001738	-0.002067
2019.12.12 11:57:34.056	0.964869	0.981631	0.960268	1.007596	0.975058	0.985246	-0.002067	-0.001409
2019.12.12 11:57:34.306	0.971771	0.975058	0.959282	1.056238	0.965198	0.998064	-0.001738	-0.002067
2019.12.12 11:57:34.556	0.970785	0.978673	0.957967	1.096336	0.965526	0.983932	-0.001738	-0.001738
2019.12.12 11:57:34.806	0.970785	0.982288	0.958624	1.101594	0.957967	0.990834	-0.001738	-0.001738
2019.12.12 11:57:35.056	0.969470	0.981960	0.962240	1.068399	0.978016	0.972428	-0.001738	-0.001738
2019.12.12 11:57:35.306	0.971114	0.978673	0.959282	1.030931	0.951394	1.014826	-0.002067	-0.002067
2019.12.12 11:57:35.556	0.971771	0.973414	0.963226	0.988204	0.971442	1.002008	-0.001738	-0.001738
2019.12.12 11:57:35.806	0.967827	0.977030	0.962240	0.975058	0.983932	0.952708	-0.002067	-0.001738
2019.12.12 11:57:36.056	0.969799	0.976372	0.960596	0.972100	0.976701	0.993792	-0.002067	-0.001738
2019.12.12 11:57:36.306	0.966841	0.978344	0.960925	0.971114	0.970785	1.002008	-0.002067	-0.001738
2019.12.12 11:57:36.556	0.969470	0.969799	0.967498	0.973414	0.971442	1.018770	-0.002067	-0.002067
2019.12.12 11:57:36.806	0.969470	0.979002	0.964869	0.975715	0.960925	1.008582	-0.002067	-0.001738
2019.12.12 11:57:37.056	0.972428	0.978673	0.961582	0.985246	0.974072	0.996421	-0.001738	-0.002395
2019.12.12 11:57:37.306	0.971114	0.976372	0.959610	1.010554	0.963554	1.013183	-0.001738	-0.001738
2019.12.12 11:57:37.556	0.965526	0.982288	0.960596	1.054266	0.974400	0.966841	-0.002067	-0.001738
2019.12.12 11:57:37.806	0.966512	0.978016	0.967827	1.085490	0.996092	0.960925	-0.001738	-0.002067
2019.12.12 11:57:38.056	0.969799	0.982288	0.960268	1.077930	0.960268	1.006610	-0.001738	-0.001738
2019.12.12 11:57:38.306	0.967170	0.984589	0.957310	1.034218	0.960596	1.025015	-0.001738	-0.001738
2019.12.12 11:57:38.556	0.966184	0.992477	0.958296	0.997407	0.967170	1.006610	-0.001738	-0.001738
2019.12.12 11:57:38.806	0.972428	0.975058	0.960925	0.991162	0.941534	1.076944	-0.001738	-0.001409
2019.12.12 11:57:39.056	0.969142	0.986561	0.957638	0.975058	0.975058	0.974072	-0.001738	-0.001738
2019.12.12 11:57:39.306	0.969799	0.980645	0.962240	0.976372	0.963226	0.989519	-0.002067	-0.002067
2019.12.12 11:57:39.556	0.969142	0.977687	0.963554	0.972757	0.981631	0.989519	-0.001738	-0.001738
2019.12.12 11:57:39.806	0.969799	0.977030	0.958624	0.985246	0.983932	0.954680	-0.001738	-0.001738
2019.12.12 11:57:40.056	0.966512	0.978016	0.963883	0.997736	0.981960	0.986890	-0.002067	-0.002067
2019.12.12 11:57:40.306	0.965855	0.983932	0.958296	1.019756	0.977687	0.954023	-0.002067	-0.001409
2019.12.12 11:57:40.556	0.969142	0.979988	0.963226	1.056567	0.967827	0.992806	-0.001738	-0.001738
2019.12.12 11:57:40.806	0.967827	0.988204	0.958953	1.078916	0.962240	0.986890	-0.001738	-0.002067
2019.12.12 11:57:41.056	0.967170	0.982946	0.962568	1.044735	0.969142	1.014826	-0.002067	-0.002067
2019.12.12 11:57:41.306	0.964869	0.979330	0.960268	1.002337	0.984260	0.991162	-0.002067	-0.001738
2019.12.12 11:57:41.556	0.970456	0.978016	0.961254	0.990505	0.955009	1.040791	-0.001081	-0.001738
2019.12.12 11:57:41.806	0.972428	0.979330	0.962897	0.977687	0.971114	1.023372	-0.001738	-0.002395
2019.12.12 11:57:42.056	0.969799	0.976044	0.960596	0.976701	0.975058	1.029945	-0.002395	-0.001738
2019.12.12 11:57:42.306	0.971771	0.978344	0.958953	0.978673	0.975058	0.994449	-0.001409	-0.002067
2019.12.12 11:57:42.556	0.972428	0.979659	0.955009	0.982617	0.973743	0.990505	-0.002395	-0.002067
2019.12.12 11:57:42.806	0.972428	0.980316	0.961582	0.983603	0.969470	0.977358	-0.001738	-0.001409
2019.12.12 11:57:43.056	0.969799	0.974072	0.964869	0.988533	0.961254	1.012197	-0.001738	-0.001738
2019.12.12 11:57:43.306	0.968484	0.984589	0.962568	0.986890	0.955666	1.002666	-0.002067	-0.002067
2019.12.12 11:57:43.556	0.964212	0.982946	0.960596	0.988204	0.967498	0.989190	-0.002067	-0.001738
2019.12.12 11:57:43.806	0.970128	0.981631	0.961254	0.997736	0.965855	0.998393	-0.002067	-0.001738
2019.12.12 11:57:44.056	0.966512	0.979659	0.959610	1.001022	0.970785	0.981960	-0.001738	-0.002395
2019.12.12 11:57:44.306	0.966841	0.974072	0.960596	1.010554	0.988862	0.960596	-0.001738	-0.002067
2019.12.12 11:57:44.556	0.973414	0.974072	0.964212	1.028959	0.986561	0.975058	-0.001738	-0.002067
2019.12.12 11:57:44.806	0.972757	0.981631	0.956981	1.054266	0.964869	0.968484	-0.001738	-0.002067
2019.12.12 11:57:45.056	0.968813	0.977358	0.964540	1.054266	0.984918	0.984589	-0.001738	-0.002067
2019.12.12 11:57:45.306	0.970785	0.976372	0.962897	1.021728	0.987218	0.954680	-0.001738	-0.001738
