Scaling equations	6.5005*x-6.2775	6.3958*x-6.2302	6.4602*x-6.1928	6.5020*x-6.2666	6.4260*x-6.1741	6.4277*x-6.2111	x	x
Timestamp	Analog channel 0	Analog channel 1	Analog channel 2	Analog channel 3	Analog channel 4	Analog channel 5	Analog channel 6	Analog channel 7
2019.10.26 11:05:03.174	-0.003053	-0.000095	-0.001738	-0.003053	-0.003381	-0.001081	-0.002067	-0.002724
2019.10.26 11:05:04.174	-0.002724	-0.001081	-0.001738	-0.003053	-0.003053	-0.002067	-0.000752	-0.002395
2019.10.26 11:05:05.174	-0.003053	-0.003381	-0.002067	-0.001738	-0.002067	-0.004039	-0.003053	-0.001409
2019.10.26 11:05:06.174	-0.001738	-0.003053	-0.002724	-0.001081	-0.001738	-0.003053	-0.002395	-0.002067
2019.10.26 11:05:07.174	-0.001738	-0.003381	-0.003053	-0.001081	-0.001738	-0.002724	-0.003381	-0.002395
2019.10.26 11:05:08.174	-0.002724	-0.003053	-0.001409	-0.001081	-0.002395	-0.003053	-0.002395	-0.001738
2019.10.26 11:05:09.174	-0.003053	-0.002067	-0.001081	-0.001738	-0.003053	-0.002067	-0.001409	-0.001409
2019.10.26 11:05:10.174	-0.002724	-0.000423	-0.002067	-0.003053	-0.003053	-0.001409	-0.001738	-0.002724
2019.10.26 11:05:11.174	-0.001409	-0.002724	-0.002724	-0.002395	-0.000752	-0.001738	-0.003053	-0.002724
2019.10.26 11:05:12.174	-0.003053	-0.002395	-0.001409	-0.001738	-0.003053	-0.002724	-0.001738	-0.000752
2019.10.26 11:05:13.174	-0.002724	-0.003381	-0.001738	-0.001081	-0.002724	-0.002724	-0.002395	-0.001081
2019.10.26 11:05:14.174	-0.003381	-0.003381	-0.001738	-0.001409	-0.003053	-0.003381	-0.001738	-0.000752
2019.10.26 11:05:15.174	-0.001409	-0.001081	-0.002067	-0.002724	-0.002395	-0.001081	-0.001738	-0.002724
2019.10.26 11:05:16.174	-0.002395	-0.003381	-0.003053	-0.001409	-0.001738	-0.002724	-0.003381	-0.001738
2019.10.26 11:05:17.174	-0.002724	-0.003381	-0.002395	-0.001738	-0.001738	-0.003381	-0.003053	-0.001409
2019.10.26 11:05:18.174	-0.002395	-0.001409	-0.002395	-0.003053	-0.003053	-0.002067	-0.000752	-0.002724
2019.10.26 11:05:19.174	-0.001081	-0.003381	-0.003381	-0.001409	-0.001081	-0.002724	-0.002724	-0.001738
2019.10.26 11:05:20.174	-0.004039	-0.001409	-0.001409	-0.002395	-0.003710	-0.002724	-0.001081	-0.001738
2019.10.26 11:05:21.174	-0.003710	-0.001081	-0.001409	-0.002724	-0.003381	-0.002724	-0.001409	-0.002724
2019.10.26 11:05:22.174	-0.002395	-0.001409	-0.001409	-0.003381	-0.003053	-0.001738	-0.001081	-0.003053
2019.10.26 11:05:23.174	-0.003381	-0.001738	-0.001081	-0.002724	-0.004039	-0.003381	-0.001409	-0.002067
2019.10.26 11:05:24.174	-0.003381	-0.003710	-0.002067	-0.001738	-0.002395	-0.003381	-0.003053	-0.001409
2019.10.26 11:05:25.174	-0.001409	-0.002724	-0.003710	-0.002067	-0.000423	-0.002067	-0.003381	-0.003053
2019.10.26 11:05:26.174	-0.003053	-0.001409	-0.001738	-0.003053	-0.003381	-0.001409	-0.001081	-0.003053
2019.10.26 11:05:27.174	-0.001081	-0.003381	-0.003053	-0.002067	-0.000423	-0.002724	-0.003053	-0.002395
2019.10.26 11:05:28.174	-0.002724	-0.002724	-0.002395	-0.000752	-0.001738	-0.003053	-0.002395	-0.001409
2019.10.26 11:05:29.174	-0.001738	-0.001081	-0.003053	-0.003710	-0.003381	-0.001081	-0.001738	-0.003381
2019.10.26 11:05:30.174	-0.002067	-0.003053	-0.002724	-0.001409	-0.001409	-0.003053	-0.003053	-0.002395
2019.10.26 11:05:31.174	-0.001409	-0.001409	-0.003381	-0.003381	-0.002067	-0.001081	-0.002067	-0.002724
2019.10.26 11:05:32.174	-0.003381	-0.003381	-0.000752	-0.001409	-0.003053	-0.003710	-0.002395	-0.001738
2019.10.26 11:05:33.174	-0.003381	-0.003053	-0.000423	-0.002395	-0.003053	-0.003053	-0.001738	-0.001738
2019.10.26 11:05:34.174	-0.003381	-0.002067	-0.000752	-0.002395	-0.003381	-0.002724	-0.000095	-0.001738
2019.10.26 11:05:35.174	-0.001409	-0.001409	-0.003053	-0.002724	-0.001409	-0.001081	-0.002724	-0.003053
2019.10.26 11:05:36.174	-0.003053	-0.003381	-0.001409	-0.000752	-0.002395	-0.002724	-0.002067	-0.001409
2019.10.26 11:05:37.174	-0.002724	-0.002067	-0.001081	-0.002395	-0.003053	-0.002395	-0.001081	-0.001738
2019.10.26 11:05:38.174	-0.001409	-0.001081	-0.002724	-0.003381	-0.001409	-0.001409	-0.002395	-0.002724
2019.10.26 11:05:39.174	-0.001738	-0.001081	-0.002724	-0.003053	-0.002395	-0.001081	-0.002067	-0.003053
2019.10.26 11:05:40.174	-0.000423	-0.003053	-0.003381	-0.002724	-0.000095	-0.002067	-0.003710	-0.003381
2019.10.26 11:05:41.174	-0.002067	-0.000752	-0.002724	-0.003381	-0.002395	-0.000095	-0.002395	-0.003053
2019.10.26 11:05:42.174	-0.002067	-0.003053	-0.002067	-0.001081	-0.001738	-0.002724	-0.003053	-0.001738
2019.10.26 11:05:43.174	-0.002067	-0.003710	-0.002395	-0.001081	-0.002067	-0.003710	-0.002724	-0.001409
2019.10.26 11:05:44.174	-0.001081	-0.001738	-0.003053	-0.003053	-0.001738	-0.001081	-0.002724	-0.003381
2019.10.26 11:05:45.174	-0.003710	-0.003381	-0.001738	-0.001738	-0.003381	-0.003381	-0.001738	-0.001081
2019.10.26 11:05:46.174	-0.003053	-0.003381	-0.002067	-0.001409	-0.002067	-0.002395	-0.002067	-0.000752
2019.10.26 11:05:47.174	-0.001081	-0.002067	-0.003381	-0.003053	-0.001409	-0.001409	-0.002724	-0.003710
2019.10.26 11:05:48.174	-0.003381	-0.003053	-0.001081	-0.001738	-0.002724	-0.003381	-0.002067	-0.001409
2019.10.26 11:05:49.174	-0.003053	-0.002724	-0.001409	-0.001738	-0.003053	-0.003381	-0.001738	-0.000752
2019.10.26 11:05:50.174	-0.002724	-0.002724	-0.002395	-0.001081	-0.001738	-0.003053	-0.002724	-0.001738
2019.10.26 11:05:51.174	-0.003381	-0.001409	-0.001409	-0.002724	-0.003053	-0.002067	-0.000752	-0.002067
2019.10.26 11:05:52.174	-0.002395	-0.003053	-0.002395	-0.001409	-0.001738	-0.002724	-0.002395	-0.001081
2019.10.26 11:05:53.174	-0.000095	-0.002395	-0.003381	-0.003381	-0.000423	-0.002067	-0.003053	-0.003710
2019.10.26 11:05:54.174	-0.001738	-0.003381	-0.003710	-0.001738	-0.000752	-0.002724	-0.002724	-0.002067
2019.10.26 11:05:55.174	-0.001081	-0.002724	-0.003381	-0.001738	0.000234	-0.002395	-0.003053	-0.003053
2019.10.26 11:05:56.174	-0.001409	-0.002067	-0.003381	-0.003381	-0.001409	-0.001081	-0.002724	-0.003053
2019.10.26 11:05:57.174	-0.004039	-0.003053	-0.001409	-0.001409	-0.003710	-0.003381	-0.001738	-0.001409
2019.10.26 11:05:58.174	-0.001409	-0.001409	-0.002724	-0.002724	-0.001738	-0.000423	-0.003053	-0.003381
2019.10.26 11:05:59.174	-0.002724	-0.002067	-0.001409	-0.001738	-0.002724	-0.002395	-0.001409	-0.001081
2019.10.26 11:06:00.174	-0.003053	-0.003710	-0.001738	-0.001409	-0.002395	-0.003710	-0.003053	-0.001409
2019.10.26 11:06:01.174	-0.003053	-0.003381	-0.002724	-0.000423	-0.002067	-0.003053	-0.003053	0.000234
2019.10.26 11:06:02.174	-0.001409	-0.003053	-0.003710	-0.002724	-0.001409	-0.002067	-0.003710	-0.003053
2019.10.26 11:06:03.174	-0.003053	-0.003053	-0.001409	-0.001409	-0.003053	-0.003053	-0.002395	-0.000423
2019.10.26 11:06:04.174	-0.003381	-0.002395	-0.000752	-0.003053	-0.003710	-0.002724	-0.000423	-0.002067
2019.10.26 11:06:05.174	-0.003381	-0.003053	-0.001409	-0.001409	-0.003053	-0.003381	-0.001738	-0.001409
2019.10.26 11:06:06.174	-0.002067	-0.001738	-0.002067	-0.003710	-0.003053	-0.001409	-0.002067	-0.003381
2019.10.26 11:06:07.174	-0.003381	-0.000752	-0.002395	-0.003053	-0.003381	-0.001409	-0.001409	-0.002067
2019.10.26 11:06:08.174	-0.003053	-0.001081	-0.001409	-0.003053	-0.003381	-0.002067	-0.001409	-0.002395
2019.10.26 11:06:09.174	-0.002395	-0.001409	-0.002395	-0.003710	-0.003053	-0.001738	-0.002067	-0.003381
2019.10.26 11:06:10.174	-0.003710	-0.003053	-0.001409	-0.001738	-0.003053	-0.003710	-0.002395	-0.001409
2019.10.26 11:06:11.174	-0.003710	-0.001738	-0.001081	-0.002395	-0.002724	-0.001738	-0.001409	-0.002067
2019.10.26 11:06:12.174	-0.001738	-0.003053	-0.003053	-0.002067	-0.001738	-0.002724	-0.003710	-0.002724
2019.10.26 11:06:13.174	-0.002067	-0.001081	-0.001738	-0.003053	-0.002724	-0.001081	-0.001738	-0.003053
2019.10.26 11:06:14.174	-0.003381	-0.000752	-0.001738	-0.002724	-0.003710	-0.002395	-0.001409	-0.002395
2019.10.26 11:06:15.174	-0.002395	-0.003710	-0.003053	-0.001409	-0.001738	-0.003053	-0.003053	-0.001738
2019.10.26 11:06:16.174	-0.000095	-0.002395	-0.003053	-0.002724	-0.000095	-0.002395	-0.003053	-0.003381
2019.10.26 11:06:17.174	-0.002724	-0.003053	-0.002067	-0.001738	-0.002724	-0.002724	-0.001738	-0.000752
2019.10.26 11:06:18.174	-0.003053	-0.001081	-0.001738	-0.002724	-0.003710	-0.002067	-0.001738	-0.002395
2019.10.26 11:06:19.174	-0.002724	-0.001409	-0.002067	-0.003381	-0.003381	-0.001409	-0.001409	-0.002724
2019.10.26 11:06:20.174	-0.001409	-0.003381	-0.003381	-0.001738	-0.001409	-0.002395	-0.003053	-0.002067
2019.10.26 11:06:21.174	-0.001409	-0.001409	-0.002724	-0.003053	-0.002395	-0.001081	-0.002067	-0.003381
2019.10.26 11:06:22.174	-0.001738	-0.000752	-0.002067	-0.002724	-0.002724	-0.001409	-0.002067	-0.003053
2019.10.26 11:06:23.174	-0.002724	-0.003710	-0.002395	-0.001409	-0.002067	-0.003710	-0.002724	-0.001738
2019.10.26 11:06:24.174	-0.002724	-0.002067	-0.001409	-0.002067	-0.002724	-0.003053	-0.002067	-0.001409
2019.10.26 11:06:25.174	-0.001081	-0.002067	-0.002724	-0.002395	-0.001409	-0.001738	-0.003053	-0.002724
2019.10.26 11:06:26.174	-0.002395	-0.003053	-0.002724	-0.000095	-0.002067	-0.003053	-0.003381	-0.001081
2019.10.26 11:06:27.174	-0.002395	-0.003710	-0.003053	-0.001738	-0.002067	-0.003053	-0.003381	-0.001409
2019.10.26 11:06:28.174	-0.003053	-0.003053	-0.001409	-0.001409	-0.002395	-0.003710	-0.002724	-0.001081
2019.10.26 11:06:29.174	-0.003381	-0.003381	-0.001081	-0.001409	-0.002724	-0.003710	-0.002724	-0.000752
2019.10.26 11:06:30.174	-0.003053	-0.001409	-0.001409	-0.002724	-0.003053	-0.001409	-0.001081	-0.002067
2019.10.26 11:06:31.174	-0.002395	-0.003053	-0.003381	-0.001409	-0.001409	-0.002724	-0.003710	-0.003053
2019.10.26 11:06:32.174	-0.003053	-0.002724	-0.000095	-0.002067	-0.003053	-0.003381	-0.001738	-0.001409
2019.10.26 11:06:33.174	-0.002395	-0.000423	-0.002395	-0.003053	-0.002724	-0.000095	-0.002395	-0.003053
2019.10.26 11:06:34.174	-0.001081	-0.001409	-0.003053	-0.003381	-0.001738	-0.001409	-0.002067	-0.002724
2019.10.26 11:06:35.174	-0.003381	-0.002724	-0.000752	-0.002067	-0.003381	-0.003053	-0.000095	-0.001738
2019.10.26 11:06:36.174	-0.001738	-0.002724	-0.002724	-0.001738	-0.001081	-0.001738	-0.003053	-0.002067
2019.10.26 11:06:37.174	-0.001081	-0.001738	-0.002724	-0.002724	-0.001409	-0.001081	-0.002724	-0.003381
2019.10.26 11:06:38.174	-0.003053	-0.001409	-0.001409	-0.002395	-0.003053	-0.002067	-0.001081	-0.002395
2019.10.26 11:06:39.174	-0.001738	-0.003381	-0.004039	-0.001409	-0.001409	-0.002395	-0.002724	-0.002067
2019.10.26 11:06:40.174	-0.003053	-0.002724	-0.001081	-0.001738	-0.003053	-0.002724	-0.001738	-0.000752
2019.10.26 11:06:41.174	-0.001409	-0.003053	-0.002724	-0.001409	-0.001409	-0.003053	-0.002395	-0.002067
2019.10.26 11:06:42.174	-0.002067	-0.003381	-0.003381	-0.001081	-0.001738	-0.002724	-0.003381	-0.002395
2019.10.26 11:06:43.174	-0.002067	-0.000095	-0.002067	-0.003381	-0.003053	-0.000095	-0.001738	-0.003053
2019.10.26 11:06:44.174	-0.003053	-0.001738	-0.002067	-0.003053	-0.003381	-0.001081	-0.001738	-0.003053
2019.10.26 11:06:45.174	-0.002724	-0.001738	-0.000752	-0.002724	-0.003053	-0.002395	-0.000423	-0.002395
2019.10.26 11:06:46.174	-0.001409	-0.001081	-0.003053	-0.004039	-0.001738	-0.001081	-0.002395	-0.002724
2019.10.26 11:06:47.174	-0.002724	-0.002395	-0.001081	-0.001409	-0.002724	-0.002724	-0.001409	-0.001409
2019.10.26 11:06:48.174	-0.002724	-0.001081	-0.002067	-0.004039	-0.003381	-0.001738	-0.001081	-0.003053
2019.10.26 11:06:49.174	-0.002724	-0.002395	-0.001081	-0.001738	-0.003053	-0.002395	-0.001409	-0.000752
2019.10.26 11:06:50.174	-0.003053	-0.003053	-0.002067	-0.000423	-0.002724	-0.003381	-0.003053	-0.000423
2019.10.26 11:06:51.174	-0.001081	-0.001738	-0.003053	-0.002395	-0.001409	-0.001738	-0.003381	-0.003053
2019.10.26 11:06:52.174	-0.002724	-0.003381	-0.002067	-0.000423	-0.002395	-0.003381	-0.003053	-0.000423
2019.10.26 11:06:53.174	-0.002724	-0.003381	-0.002395	-0.000095	-0.002724	-0.002724	-0.003053	-0.000423
2019.10.26 11:06:54.174	-0.002395	-0.003053	-0.002067	-0.000752	-0.001738	-0.003053	-0.002724	-0.001081
2019.10.26 11:06:55.174	-0.002395	-0.000423	-0.003053	-0.003381	-0.003053	0.000234	-0.001738	-0.002724
2019.10.26 11:06:56.174	-0.003053	-0.003381	-0.002395	-0.000752	-0.002724	-0.003710	-0.002724	-0.000095
2019.10.26 11:06:57.174	-0.000752	-0.002067	-0.002724	-0.002395	-0.000752	-0.002067	-0.003053	-0.002067
2019.10.26 11:06:58.174	-0.001738	-0.000752	-0.002395	-0.003381	-0.002395	-0.001409	-0.001738	-0.002724
2019.10.26 11:06:59.174	-0.003053	-0.003710	-0.001409	-0.001738	-0.002395	-0.003710	-0.002724	-0.001409
2019.10.26 11:07:00.174	-0.003381	-0.003053	-0.000095	-0.002067	-0.003053	-0.003381	-0.001409	-0.002067
2019.10.26 11:07:01.174	-0.001738	-0.000752	-0.002724	-0.003053	-0.002724	-0.000423	-0.002724	-0.003053
2019.10.26 11:07:02.174	-0.002067	-0.001409	-0.002067	-0.003053	-0.002067	-0.001738	-0.001738	-0.003053
2019.10.26 11:07:03.174	-0.003053	-0.003053	-0.001738	-0.001081	-0.002724	-0.003053	-0.002067	-0.000423
2019.10.26 11:07:04.174	-0.003053	-0.003381	-0.002724	-0.000423	-0.002067	-0.003710	-0.003053	-0.000752
2019.10.26 11:07:05.174	-0.002395	-0.003053	-0.003053	-0.000423	-0.001738	-0.003053	-0.003053	-0.000752
2019.10.26 11:07:06.174	-0.003053	-0.002724	-0.001738	-0.001409	-0.003053	-0.003053	-0.002395	-0.001081
2019.10.26 11:07:07.174	-0.002067	-0.001081	-0.002724	-0.003381	-0.002724	-0.000423	-0.002395	-0.002724
2019.10.26 11:07:08.174	-0.003381	-0.002067	-0.001081	-0.002724	-0.003053	-0.001738	-0.001409	-0.002067
2019.10.26 11:07:09.174	-0.002395	-0.001409	-0.001409	-0.003053	-0.003053	-0.002395	-0.000752	-0.002395
2019.10.26 11:07:10.174	-0.002395	-0.002067	-0.001081	-0.001738	-0.002395	-0.002724	-0.001738	-0.001409
2019.10.26 11:07:11.174	-0.003053	-0.002067	-0.000752	-0.002724	-0.003710	-0.002395	-0.000095	-0.002395
2019.10.26 11:07:12.174	-0.002724	-0.002724	-0.001409	-0.001081	-0.002395	-0.002724	-0.002067	-0.001409
2019.10.26 11:07:13.174	-0.003053	-0.002067	-0.000423	-0.002395	-0.003381	-0.003053	-0.000095	-0.002067
2019.10.26 11:07:14.174	-0.002724	-0.002067	-0.001081	-0.002395	-0.002724	-0.002724	-0.001738	-0.002067
2019.10.26 11:07:15.174	-0.001081	-0.002724	-0.003381	-0.002067	-0.000423	-0.003053	-0.003053	-0.003053
2019.10.26 11:07:16.174	-0.002724	-0.003381	-0.002724	-0.001738	-0.002067	-0.003710	-0.002724	-0.001409
2019.10.26 11:07:17.174	-0.001409	-0.001409	-0.002724	-0.003053	-0.001738	-0.000752	-0.002395	-0.003053
2019.10.26 11:07:18.174	-0.004039	-0.001409	-0.001738	-0.002395	-0.003710	-0.002724	-0.001409	-0.002067
2019.10.26 11:07:19.174	-0.002395	-0.001081	-0.001409	-0.002724	-0.002724	-0.002067	-0.001409	-0.002724
2019.10.26 11:07:20.174	-0.001738	-0.001081	-0.002395	-0.002724	-0.002067	-0.001081	-0.001409	-0.002724
2019.10.26 11:07:21.174	-0.002395	-0.002395	-0.002724	-0.001409	-0.001409	-0.002395	-0.002724	-0.001738
2019.10.26 11:07:22.174	-0.000423	-0.002724	-0.003053	-0.002724	-0.000095	-0.002067	-0.003053	-0.003053
2019.10.26 11:07:23.174	-0.002067	-0.002724	-0.002724	-0.002067	-0.001081	-0.002724	-0.003053	-0.002395
2019.10.26 11:07:24.174	-0.003381	-0.002067	-0.000752	-0.003053	-0.002724	-0.002395	-0.001081	-0.001738
2019.10.26 11:07:25.174	-0.001738	-0.002395	-0.003381	-0.003381	-0.001081	-0.002067	-0.003710	-0.003381
2019.10.26 11:07:26.174	-0.001409	-0.001409	-0.003053	-0.003053	-0.001409	-0.001409	-0.003053	-0.003053
2019.10.26 11:07:27.174	-0.000095	-0.002395	-0.003053	-0.003053	-0.001409	-0.001738	-0.002395	-0.003381
2019.10.26 11:07:28.174	-0.002067	-0.000752	-0.001738	-0.002724	-0.002067	-0.001738	-0.001409	-0.003053
2019.10.26 11:07:29.174	-0.003381	-0.002724	-0.000423	-0.002067	-0.003053	-0.003381	-0.001409	-0.001409
2019.10.26 11:07:30.174	-0.003381	-0.001409	-0.001738	-0.003053	-0.002395	-0.001738	-0.001081	-0.002067
2019.10.26 11:07:31.174	-0.002067	-0.000752	-0.001738	-0.002395	-0.002724	-0.001738	-0.001738	-0.002724
2019.10.26 11:07:32.174	-0.003710	-0.002067	-0.001409	-0.002395	-0.004039	-0.002724	-0.001409	-0.002067
2019.10.26 11:07:33.174	-0.001409	-0.002395	-0.003053	-0.002395	-0.001081	-0.001738	-0.002724	-0.003053
2019.10.26 11:07:34.174	-0.001738	-0.000752	-0.002724	-0.003381	-0.002067	-0.000423	-0.002724	-0.003053
2019.10.26 11:07:35.174	-0.003381	-0.001409	-0.001738	-0.003053	-0.003381	-0.001738	-0.001081	-0.002395
2019.10.26 11:07:36.174	-0.001081	-0.001738	-0.003053	-0.002395	-0.001081	-0.001081	-0.003053	-0.003053
2019.10.26 11:07:37.174	-0.002067	-0.001409	-0.003053	-0.003381	-0.002395	-0.000095	-0.002724	-0.003053
2019.10.26 11:07:38.174	-0.002395	-0.003053	-0.003053	-0.000423	-0.002067	-0.003053	-0.003381	-0.000423
2019.10.26 11:07:39.174	-0.001738	-0.001081	-0.002724	-0.003053	-0.001738	-0.001081	-0.001738	-0.003053
2019.10.26 11:07:40.174	-0.003053	-0.003710	-0.002395	-0.000095	-0.002395	-0.003381	-0.003381	-0.001081
2019.10.26 11:07:41.174	-0.001738	-0.000752	-0.003053	-0.003381	-0.002724	0.000234	-0.002395	-0.003053
2019.10.26 11:07:42.174	-0.001409	-0.002724	-0.003381	-0.002724	-0.000423	-0.002067	-0.003381	-0.002724
2019.10.26 11:07:43.174	-0.000423	-0.002395	-0.003381	-0.002724	0.000234	-0.002067	-0.003381	-0.003053
2019.10.26 11:07:44.174	-0.003710	-0.003710	-0.001738	-0.001081	-0.003381	-0.002724	-0.001738	-0.001409
2019.10.26 11:07:45.174	-0.003381	-0.001738	-0.001081	-0.002724	-0.003053	-0.001738	-0.001409	-0.002395
2019.10.26 11:07:46.174	-0.002724	-0.001409	-0.002067	-0.003381	-0.002724	-0.001409	-0.001738	-0.003710
2019.10.26 11:07:47.174	-0.001409	-0.003053	-0.003053	-0.002067	-0.001081	-0.002067	-0.003053	-0.002395
2019.10.26 11:07:48.174	-0.002067	-0.003381	-0.003053	-0.001409	-0.001409	-0.003053	-0.003381	-0.001738
2019.10.26 11:07:49.174	-0.001081	-0.001738	-0.002724	-0.003381	-0.002724	-0.001409	-0.002395	-0.003381
2019.10.26 11:07:50.174	-0.002395	-0.002067	-0.001409	-0.001738	-0.003381	-0.002724	-0.001409	-0.001409
2019.10.26 11:07:51.174	-0.003381	-0.001738	-0.001409	-0.002724	-0.003381	-0.002395	-0.001081	-0.002067
2019.10.26 11:07:52.174	-0.003710	-0.002724	-0.001738	-0.002395	-0.004039	-0.002724	-0.001738	-0.001409
2019.10.26 11:07:53.174	-0.003053	-0.001409	-0.001738	-0.003053	-0.003053	-0.001738	-0.000752	-0.002395
2019.10.26 11:07:54.174	-0.002067	-0.003381	-0.003053	-0.001738	-0.001409	-0.003053	-0.003053	-0.002067
2019.10.26 11:07:55.174	0.000234	-0.002395	-0.003381	-0.003710	-0.000423	-0.001738	-0.002724	-0.003381
2019.10.26 11:07:56.174	-0.002067	-0.003053	-0.002724	-0.001409	-0.001409	-0.002724	-0.003053	-0.002067
2019.10.26 11:07:57.174	-0.003710	-0.003381	-0.001081	-0.001738	-0.003053	-0.003710	-0.002067	-0.001409
2019.10.26 11:07:58.174	-0.001081	-0.002067	-0.002395	-0.002395	-0.001409	-0.001738	-0.002395	-0.002724
2019.10.26 11:07:59.174	-0.000752	-0.001738	-0.002724	-0.003053	-0.001409	-0.001081	-0.002724	-0.003053
2019.10.26 11:08:00.174	-0.001081	-0.001409	-0.003053	-0.003053	-0.001738	-0.000752	-0.002724	-0.003381
2019.10.26 11:08:01.174	-0.001409	-0.003053	-0.003053	-0.002724	-0.000423	-0.002067	-0.003381	-0.002724
2019.10.26 11:08:02.174	-0.001081	-0.002395	-0.003710	-0.003053	-0.001409	-0.002067	-0.003053	-0.003053
2019.10.26 11:08:03.174	-0.003381	-0.001738	-0.001409	-0.003053	-0.003381	-0.001409	-0.001081	-0.002724
2019.10.26 11:08:04.174	-0.002067	-0.001409	-0.002395	-0.003710	-0.003053	-0.001081	-0.001738	-0.003381
2019.10.26 11:08:05.174	-0.003053	-0.002724	-0.000095	-0.002067	-0.003053	-0.003053	-0.001081	-0.001738
2019.10.26 11:08:06.174	-0.001409	-0.002067	-0.003053	-0.003053	-0.001081	-0.001738	-0.003053	-0.003381
2019.10.26 11:08:07.174	-0.003053	-0.002395	-0.000423	-0.003053	-0.003710	-0.002724	-0.000095	-0.002395
2019.10.26 11:08:08.174	-0.002395	-0.000423	-0.002395	-0.003053	-0.002724	-0.000423	-0.002067	-0.003053
2019.10.26 11:08:09.174	-0.002724	-0.003053	-0.003381	-0.000752	-0.002067	-0.003053	-0.003381	-0.001409
2019.10.26 11:08:10.174	-0.003381	-0.001738	-0.000752	-0.002724	-0.003381	-0.002724	-0.000423	-0.002395
2019.10.26 11:08:11.174	-0.002067	-0.002724	-0.003053	-0.002067	-0.000752	-0.002395	-0.003381	-0.002724
2019.10.26 11:08:12.174	-0.002067	-0.003053	-0.002067	-0.001081	-0.001738	-0.003053	-0.002395	-0.001738
2019.10.26 11:08:13.174	-0.004039	-0.003053	-0.000752	-0.001409	-0.003053	-0.003381	-0.001738	-0.001738
2019.10.26 11:08:14.174	-0.001738	-0.001081	-0.002395	-0.002724	-0.002067	-0.001409	-0.001738	-0.003053
2019.10.26 11:08:15.174	-0.001081	-0.001738	-0.003710	-0.003710	-0.001409	-0.001409	-0.002395	-0.002724
2019.10.26 11:08:16.174	-0.003710	-0.003381	-0.001738	-0.001738	-0.003053	-0.003381	-0.001409	-0.000752
2019.10.26 11:08:17.174	-0.001081	-0.003053	-0.003381	-0.001409	-0.001081	-0.002395	-0.002395	-0.002067
2019.10.26 11:08:18.174	-0.001738	-0.001081	-0.002395	-0.003053	-0.002395	-0.001409	-0.001738	-0.003053
2019.10.26 11:08:19.174	-0.003710	-0.003053	-0.001738	-0.001738	-0.003053	-0.003053	-0.001738	-0.000752
2019.10.26 11:08:20.174	-0.002395	-0.000423	-0.003053	-0.003053	-0.003053	-0.000095	-0.002067	-0.003381
2019.10.26 11:08:21.174	-0.002067	-0.003053	-0.002395	-0.001081	-0.001738	-0.002724	-0.002724	-0.001409
2019.10.26 11:08:22.174	-0.000752	-0.002724	-0.003381	-0.002067	-0.000095	-0.002724	-0.003053	-0.003053
2019.10.26 11:08:23.174	-0.002395	-0.002724	-0.002067	-0.001081	-0.002067	-0.002395	-0.002395	-0.000752
2019.10.26 11:08:24.174	-0.002395	-0.001409	-0.002067	-0.003381	-0.003053	-0.001738	-0.001738	-0.003381
2019.10.26 11:08:25.174	-0.002724	-0.000095	-0.002395	-0.003381	-0.003381	-0.000752	-0.002067	-0.003053
2019.10.26 11:08:26.174	-0.003710	-0.003381	-0.001738	-0.001409	-0.002724	-0.003710	-0.002724	-0.001738
2019.10.26 11:08:27.174	-0.001409	-0.000752	-0.003053	-0.003053	-0.002067	-0.001409	-0.002067	-0.003381
2019.10.26 11:08:28.174	-0.001409	-0.002724	-0.003053	-0.001409	-0.001081	-0.003053	-0.003053	-0.002724
2019.10.26 11:08:29.174	-0.001081	-0.001738	-0.003381	-0.003381	-0.001081	-0.001409	-0.003053	-0.003053
2019.10.26 11:08:30.174	-0.003381	-0.003053	-0.000423	-0.001738	-0.003053	-0.003710	-0.002067	-0.001738
2019.10.26 11:08:31.174	-0.003053	-0.003710	-0.002395	-0.001409	-0.002067	-0.003710	-0.003381	-0.001409
2019.10.26 11:08:32.174	-0.002724	-0.001738	-0.001081	-0.003053	-0.003053	-0.002067	-0.000423	-0.002724
2019.10.26 11:08:33.174	-0.000752	-0.002067	-0.003053	-0.002067	-0.001081	-0.002067	-0.003381	-0.002724
2019.10.26 11:08:34.174	-0.000423	-0.002724	-0.003381	-0.002724	0.000234	-0.002067	-0.003053	-0.003053
2019.10.26 11:08:35.174	-0.001081	-0.001409	-0.002724	-0.003053	-0.002067	-0.000752	-0.002395	-0.002724
2019.10.26 11:08:36.174	-0.002067	-0.003381	-0.003053	-0.000423	-0.002067	-0.003053	-0.003381	-0.001409
2019.10.26 11:08:37.174	-0.000423	-0.002067	-0.003381	-0.002724	-0.000423	-0.002067	-0.003053	-0.003381
2019.10.26 11:08:38.174	-0.003053	-0.001409	-0.001081	-0.003053	-0.003381	-0.002395	-0.000423	-0.002395
2019.10.26 11:08:39.174	-0.001738	-0.000423	-0.002395	-0.003053	-0.002395	-0.001081	-0.001738	-0.002724
2019.10.26 11:08:40.174	-0.001738	-0.001738	-0.003053	-0.003710	-0.001409	-0.001409	-0.002724	-0.003053
2019.10.26 11:08:41.174	-0.002395	-0.003053	-0.002067	-0.001081	-0.002395	-0.003053	-0.002724	-0.001409
2019.10.26 11:08:42.174	-0.000752	-0.002395	-0.003381	-0.002067	-0.000423	-0.002395	-0.003053	-0.002724
2019.10.26 11:08:43.174	-0.001409	-0.002724	-0.003053	-0.002067	-0.000423	-0.002724	-0.003053	-0.003381
2019.10.26 11:08:44.174	-0.003053	-0.003381	-0.002067	-0.001409	-0.002395	-0.003710	-0.003053	-0.001409
2019.10.26 11:08:45.174	-0.001738	-0.003053	-0.003381	-0.001738	-0.000752	-0.002395	-0.003053	-0.002067
2019.10.26 11:08:46.174	-0.001738	-0.001738	-0.002724	-0.003381	-0.003381	-0.001081	-0.002067	-0.003381
2019.10.26 11:08:47.174	-0.001738	-0.002067	-0.003381	-0.002724	-0.001081	-0.001409	-0.003381	-0.003381
2019.10.26 11:08:48.174	-0.002724	-0.003381	-0.002395	-0.000423	-0.002724	-0.003381	-0.002724	-0.000095
2019.10.26 11:08:49.174	-0.000752	-0.002395	-0.003381	-0.002724	0.000234	-0.002395	-0.003381	-0.003381
2019.10.26 11:08:50.174	-0.002724	-0.003381	-0.002724	0.000234	-0.002395	-0.003053	-0.003053	-0.000752
2019.10.26 11:08:51.174	-0.000095	-0.002724	-0.003053	-0.003381	-0.000752	-0.001738	-0.002724	-0.003710
2019.10.26 11:08:52.174	-0.002067	-0.003053	-0.003053	-0.001738	-0.001409	-0.002724	-0.003053	-0.002067
2019.10.26 11:08:53.174	-0.003381	-0.001081	-0.001409	-0.003053	-0.003381	-0.001738	-0.001081	-0.002395
2019.10.26 11:08:54.174	-0.003381	-0.001409	-0.001409	-0.002395	-0.002724	-0.001738	-0.001409	-0.002067
2019.10.26 11:08:55.174	-0.001409	-0.003053	-0.002724	-0.001738	-0.001081	-0.002395	-0.003710	-0.002067
2019.10.26 11:08:56.174	-0.003381	-0.003381	-0.001738	-0.001409	-0.002724	-0.003710	-0.002395	-0.001409
2019.10.26 11:08:57.174	-0.002724	-0.001738	-0.001409	-0.003053	-0.003053	-0.002395	-0.000752	-0.002724
2019.10.26 11:08:58.174	-0.002724	-0.000095	-0.001738	-0.003381	-0.003710	-0.001409	-0.001738	-0.003053
2019.10.26 11:08:59.174	-0.003381	-0.001409	-0.001409	-0.003053	-0.002395	-0.002067	-0.000752	-0.002067
2019.10.26 11:09:00.174	-0.000752	-0.001738	-0.003053	-0.004039	-0.002395	-0.001738	-0.002395	-0.003710
2019.10.26 11:09:01.174	-0.003381	-0.003053	-0.002067	-0.000752	-0.002395	-0.003053	-0.002395	-0.000095
2019.10.26 11:09:02.174	-0.002724	-0.000752	-0.002395	-0.003710	-0.003053	-0.000752	-0.002067	-0.003053
2019.10.26 11:09:03.174	-0.003710	-0.002067	-0.001081	-0.001738	-0.002724	-0.001738	-0.000752	-0.002395
2019.10.26 11:09:04.174	-0.001081	-0.001738	-0.002724	-0.002724	-0.001409	-0.001081	-0.002724	-0.002724
2019.10.26 11:09:05.174	-0.002395	-0.002724	-0.001738	-0.000752	-0.002067	-0.003053	-0.002395	-0.000752
2019.10.26 11:09:06.174	-0.001738	-0.002724	-0.003053	-0.001738	-0.001081	-0.002395	-0.002395	-0.002067
2019.10.26 11:09:07.174	-0.002067	-0.001409	-0.001738	-0.002724	-0.002395	-0.001409	-0.001081	-0.003053
2019.10.26 11:09:08.174	-0.003381	-0.002067	-0.001081	-0.002067	-0.002724	-0.002724	-0.001409	-0.001738
2019.10.26 11:09:09.174	-0.003381	-0.003381	-0.001409	-0.001738	-0.003053	-0.003710	-0.002395	-0.001738
2019.10.26 11:09:10.174	-0.001738	-0.003381	-0.003381	-0.001738	-0.001081	-0.002724	-0.002724	-0.002067
2019.10.26 11:09:11.174	-0.003710	-0.001081	-0.001081	-0.003053	-0.003381	-0.001081	-0.001738	-0.002395
2019.10.26 11:09:12.174	-0.003053	-0.001409	-0.001738	-0.003053	-0.003053	-0.001738	-0.000752	-0.002724
2019.10.26 11:09:13.174	-0.001738	-0.000752	-0.002395	-0.003710	-0.002724	-0.000423	-0.002067	-0.003381
2019.10.26 11:09:14.174	-0.004039	-0.000095	-0.002067	-0.003053	-0.004039	-0.002724	-0.001738	-0.002395
2019.10.26 11:09:15.174	-0.001409	-0.001081	-0.002395	-0.002724	-0.002067	-0.001081	-0.001738	-0.002724
2019.10.26 11:09:16.174	-0.001738	-0.003381	-0.003381	-0.001738	-0.001409	-0.002395	-0.003710	-0.002724
2019.10.26 11:09:17.174	-0.001409	-0.001081	-0.002067	-0.002724	-0.001738	-0.001409	-0.001738	-0.003053
2019.10.26 11:09:18.174	-0.003381	-0.002395	-0.001738	-0.001081	-0.002724	-0.003381	-0.002067	-0.000752
2019.10.26 11:09:19.174	-0.000423	-0.002395	-0.003381	-0.002724	-0.000095	-0.002395	-0.003053	-0.003381
2019.10.26 11:09:20.174	-0.001081	-0.001738	-0.002724	-0.002724	-0.001409	-0.001738	-0.002724	-0.002724
2019.10.26 11:09:21.174	-0.002395	-0.003381	-0.003053	-0.001081	-0.001738	-0.003381	-0.003381	-0.001409
2019.10.26 11:09:22.174	-0.003053	-0.000423	-0.002067	-0.003381	-0.003381	-0.001738	-0.001738	-0.002395
2019.10.26 11:09:23.174	-0.002067	-0.003053	-0.002724	0.000234	-0.002067	-0.003710	-0.003053	-0.001081
2019.10.26 11:09:24.174	-0.002395	-0.001081	-0.001738	-0.003053	-0.002724	-0.001738	-0.001081	-0.002724
2019.10.26 11:09:25.174	0.000234	-0.002067	-0.003381	-0.003710	-0.000752	-0.002067	-0.002724	-0.003381
2019.10.26 11:09:26.174	-0.002395	-0.003381	-0.002724	-0.000095	-0.002067	-0.002724	-0.003381	-0.000752
2019.10.26 11:09:27.174	-0.001738	-0.003710	-0.003381	-0.001409	-0.001409	-0.002724	-0.003381	-0.001738
2019.10.26 11:09:28.174	-0.001738	-0.002724	-0.003053	-0.001738	-0.001409	-0.002724	-0.003053	-0.002067
2019.10.26 11:09:29.174	-0.002724	-0.003053	-0.001738	-0.001081	-0.002067	-0.003053	-0.002395	-0.001409
2019.10.26 11:09:30.174	-0.002724	-0.003381	-0.002724	-0.000423	-0.001738	-0.002724	-0.003381	-0.001081
2019.10.26 11:09:31.174	-0.001409	-0.001409	-0.003053	-0.003053	-0.001738	-0.001081	-0.002067	-0.003053
2019.10.26 11:09:32.174	-0.002724	-0.000423	-0.002067	-0.003053	-0.002724	-0.000095	-0.002395	-0.003381
2019.10.26 11:09:33.174	-0.003053	-0.003381	-0.001738	-0.001409	-0.002395	-0.003053	-0.002395	-0.001081
2019.10.26 11:09:34.174	-0.000095	-0.002067	-0.003053	-0.003710	-0.001738	-0.001738	-0.002395	-0.003710
2019.10.26 11:09:35.174	-0.003710	-0.002724	-0.001081	-0.002395	-0.003381	-0.003053	-0.001409	-0.001409
2019.10.26 11:09:36.174	-0.002067	-0.001081	-0.002724	-0.002724	-0.002395	-0.001409	-0.002067	-0.003053
2019.10.26 11:09:37.174	-0.002724	-0.001738	-0.002067	-0.003053	-0.003053	-0.001738	-0.001409	-0.002724
2019.10.26 11:09:38.174	-0.002724	-0.001738	-0.000752	-0.002067	-0.003053	-0.002724	-0.001409	-0.001738
2019.10.26 11:09:39.174	-0.003053	-0.001738	-0.000752	-0.002724	-0.003053	-0.002067	-0.001081	-0.002067
2019.10.26 11:09:40.174	-0.003381	-0.003381	-0.001409	-0.001409	-0.003710	-0.003381	-0.001409	-0.001738
2019.10.26 11:09:41.174	-0.003381	-0.002395	-0.000423	-0.002395	-0.003053	-0.003381	-0.000752	-0.002067
2019.10.26 11:09:42.174	-0.002724	-0.002724	-0.003053	-0.000423	-0.002395	-0.003053	-0.003053	-0.000423
2019.10.26 11:09:43.174	-0.003053	-0.003381	-0.002395	-0.000423	-0.002067	-0.003381	-0.003053	0.000234
2019.10.26 11:09:44.174	-0.001081	-0.003053	-0.003053	-0.001409	-0.001081	-0.002724	-0.002724	-0.002067
2019.10.26 11:09:45.174	-0.001081	-0.002067	-0.003710	-0.002724	-0.001081	-0.001738	-0.003053	-0.003053
2019.10.26 11:09:46.174	-0.001738	-0.002724	-0.003710	-0.002395	-0.001409	-0.002395	-0.003381	-0.003053
2019.10.26 11:09:47.174	-0.000423	-0.002067	-0.003053	-0.003710	-0.002067	-0.002067	-0.002724	-0.003381
2019.10.26 11:09:48.174	-0.003381	-0.002724	-0.001081	-0.001409	-0.003053	-0.003053	-0.001738	-0.001081
2019.10.26 11:09:49.174	-0.001738	-0.001081	-0.002724	-0.003053	-0.002395	-0.000752	-0.002724	-0.003053
2019.10.26 11:09:50.174	-0.001409	-0.002724	-0.003053	-0.001738	-0.000752	-0.002724	-0.003710	-0.003053
2019.10.26 11:09:51.174	-0.001409	-0.001081	-0.002067	-0.002395	-0.002067	-0.000752	-0.002067	-0.003053
2019.10.26 11:09:52.174	-0.001738	-0.003053	-0.002724	-0.001409	-0.001081	-0.002395	-0.003053	-0.002067
2019.10.26 11:09:53.174	-0.001409	-0.002067	-0.003053	-0.003053	-0.001081	-0.001738	-0.003053	-0.003710
2019.10.26 11:09:54.174	-0.003381	-0.001738	-0.001409	-0.003053	-0.003381	-0.002724	-0.001409	-0.001738
2019.10.26 11:09:55.174	-0.003710	-0.002067	-0.001738	-0.002395	-0.003381	-0.002724	-0.001409	-0.001738
2019.10.26 11:09:56.174	-0.001409	-0.003381	-0.003381	-0.001409	-0.001409	-0.002395	-0.003053	-0.001409
2019.10.26 11:09:57.174	-0.003053	-0.003053	-0.002067	-0.001409	-0.002395	-0.002395	-0.003053	-0.001409
2019.10.26 11:09:58.174	-0.000095	-0.002067	-0.002724	-0.003053	-0.001738	-0.001738	-0.002395	-0.004367
2019.10.26 11:09:59.174	-0.001409	-0.001409	-0.002724	-0.003381	-0.001738	-0.001409	-0.003053	-0.003053
2019.10.26 11:10:00.174	-0.002724	-0.002067	-0.001081	-0.002724	-0.003381	-0.002395	-0.000095	-0.002395
2019.10.26 11:10:01.174	-0.002067	-0.003053	-0.003381	-0.001738	-0.001409	-0.002724	-0.002724	-0.001409
2019.10.26 11:10:02.174	-0.003053	-0.003053	-0.002067	-0.001738	-0.002067	-0.003710	-0.003053	-0.001409
2019.10.26 11:10:03.174	-0.001738	-0.001081	-0.003053	-0.003053	-0.001738	-0.001081	-0.002067	-0.002395
2019.10.26 11:10:04.174	-0.000752	-0.002724	-0.003053	-0.001738	-0.000423	-0.002724	-0.003053	-0.002724
2019.10.26 11:10:05.174	-0.003381	-0.002724	-0.001409	-0.002067	-0.003381	-0.003053	-0.001738	-0.002067
2019.10.26 11:10:06.174	-0.001738	-0.001409	-0.002395	-0.002395	-0.001738	-0.000752	-0.001738	-0.002724
2019.10.26 11:10:07.174	-0.003053	-0.003381	-0.001081	-0.001738	-0.003053	-0.003710	-0.001738	-0.001409
2019.10.26 11:10:08.174	-0.002395	0.000234	-0.002395	-0.003381	-0.003053	-0.000095	-0.002067	-0.003381
2019.10.26 11:10:09.174	-0.002724	-0.003381	-0.002724	0.000234	-0.001738	-0.003381	-0.003053	-0.000752
2019.10.26 11:10:10.174	-0.002067	-0.002724	-0.002067	-0.001409	-0.002067	-0.002724	-0.002724	-0.001081
2019.10.26 11:10:11.174	-0.003053	-0.001081	-0.001738	-0.002724	-0.003381	-0.002067	-0.000423	-0.002395
2019.10.26 11:10:12.174	-0.000423	-0.001409	-0.003053	-0.003381	-0.002067	-0.001409	-0.002067	-0.003710
2019.10.26 11:10:13.174	-0.002395	-0.000752	-0.002067	-0.002724	-0.002395	-0.001409	-0.001738	-0.002724
2019.10.26 11:10:14.174	-0.002724	-0.003053	-0.001738	-0.001409	-0.002724	-0.003381	-0.002067	-0.000095
2019.10.26 11:10:15.174	-0.001409	-0.001738	-0.003053	-0.003381	-0.001738	-0.001738	-0.002724	-0.003053
2019.10.26 11:10:16.174	-0.003053	-0.000095	-0.002067	-0.003053	-0.003381	-0.001081	-0.001738	-0.003053
2019.10.26 11:10:17.174	-0.003381	-0.003381	-0.001738	-0.002067	-0.003381	-0.003053	-0.002067	-0.001409
2019.10.26 11:10:18.174	-0.001738	-0.003053	-0.003381	-0.001409	-0.001738	-0.002395	-0.004039	-0.002395
2019.10.26 11:10:19.174	-0.002724	-0.000423	-0.002067	-0.003381	-0.003710	-0.001738	-0.001738	-0.002395
2019.10.26 11:10:20.174	-0.003381	-0.002395	-0.000095	-0.002724	-0.003710	-0.003053	-0.000423	-0.002067
2019.10.26 11:10:21.174	-0.002724	-0.001081	-0.001738	-0.003053	-0.003053	-0.001081	-0.001409	-0.002724
2019.10.26 11:10:22.174	-0.002067	-0.003053	-0.002395	-0.001409	-0.001409	-0.003053	-0.003053	-0.002395
2019.10.26 11:10:23.174	-0.002395	-0.000752	-0.002724	-0.002724	-0.001738	-0.001081	-0.002067	-0.003381
2019.10.26 11:10:24.174	-0.002724	-0.003381	-0.002724	-0.001409	-0.001738	-0.003710	-0.003381	-0.001409
2019.10.26 11:10:25.174	-0.000752	-0.002395	-0.003053	-0.002395	-0.000095	-0.002395	-0.003053	-0.003053
2019.10.26 11:10:26.174	-0.002395	-0.000752	-0.001738	-0.002724	-0.003053	-0.001738	-0.001409	-0.002724
2019.10.26 11:10:27.174	-0.001738	-0.003381	-0.003381	-0.002395	-0.001409	-0.002067	-0.003710	-0.003053
2019.10.26 11:10:28.174	-0.003381	-0.002724	-0.001081	-0.001409	-0.003053	-0.003053	-0.001738	-0.000752
2019.10.26 11:10:29.174	-0.001738	-0.001409	-0.002395	-0.002724	-0.002395	-0.001081	-0.001738	-0.003053
2019.10.26 11:10:30.174	-0.002395	-0.001409	-0.001738	-0.002724	-0.002724	-0.001409	-0.001738	-0.002724
2019.10.26 11:10:31.174	-0.001738	-0.003381	-0.003053	-0.001409	-0.001081	-0.003053	-0.002724	-0.002067
2019.10.26 11:10:32.174	-0.001738	-0.001409	-0.003053	-0.003053	-0.001738	-0.000752	-0.002724	-0.003053
2019.10.26 11:10:33.174	-0.003053	-0.001409	-0.002067	-0.003710	-0.003053	-0.001409	-0.001409	-0.003053
2019.10.26 11:10:34.174	-0.002067	-0.001738	-0.002724	-0.003710	-0.003053	-0.001738	-0.002067	-0.003381
2019.10.26 11:10:35.174	-0.001081	-0.003053	-0.003053	-0.001738	-0.000752	-0.002395	-0.003381	-0.003053
2019.10.26 11:10:36.174	-0.001081	-0.001738	-0.003710	-0.003381	-0.001409	-0.001738	-0.003053	-0.002724
2019.10.26 11:10:37.174	-0.002067	-0.002724	-0.002395	-0.000752	-0.001738	-0.002724	-0.002395	-0.001409
2019.10.26 11:10:38.174	-0.001738	-0.001409	-0.002395	-0.002724	-0.001738	-0.001409	-0.002395	-0.002724
2019.10.26 11:10:39.174	-0.003381	-0.003053	-0.001409	-0.001738	-0.003381	-0.003710	-0.001409	-0.001409
2019.10.26 11:10:40.174	-0.003053	-0.002067	-0.001081	-0.001409	-0.003053	-0.002724	-0.001409	-0.001738
2019.10.26 11:10:41.174	-0.003053	-0.001738	-0.000752	-0.002724	-0.002395	-0.001738	-0.001081	-0.002067
2019.10.26 11:10:42.174	-0.002724	-0.003053	-0.001409	-0.001081	-0.001409	-0.002724	-0.002395	-0.001081
2019.10.26 11:10:43.174	-0.000095	-0.002724	-0.003053	-0.003053	-0.000095	-0.001738	-0.003053	-0.003381
2019.10.26 11:10:44.174	-0.001081	-0.001409	-0.002724	-0.002395	-0.001409	-0.001738	-0.003053	-0.002724
2019.10.26 11:10:45.174	-0.002067	-0.001081	-0.002395	-0.003053	-0.002724	-0.000752	-0.002395	-0.003710
2019.10.26 11:10:46.174	-0.002724	-0.002724	-0.002395	-0.000752	-0.001738	-0.002724	-0.002395	-0.001409
2019.10.26 11:10:47.174	-0.001738	-0.003053	-0.003381	-0.001738	-0.001409	-0.002395	-0.003710	-0.002724
2019.10.26 11:10:48.174	-0.003381	-0.003381	-0.001409	-0.001409	-0.003381	-0.003381	-0.002067	-0.001409
2019.10.26 11:10:49.174	-0.001081	-0.002724	-0.002395	-0.002395	-0.001081	-0.001738	-0.003053	-0.003053
2019.10.26 11:10:50.174	-0.001738	-0.002395	-0.004039	-0.002395	-0.001409	-0.002067	-0.003381	-0.003053
2019.10.26 11:10:51.174	-0.001738	-0.003053	-0.002724	-0.001081	-0.001738	-0.002724	-0.002724	-0.001738
2019.10.26 11:10:52.174	-0.003053	-0.001409	-0.001081	-0.003053	-0.003053	-0.001409	-0.000752	-0.002395
2019.10.26 11:10:53.174	-0.001409	-0.001409	-0.002724	-0.003053	-0.001738	-0.000752	-0.002724	-0.003053
2019.10.26 11:10:54.174	-0.003381	-0.001409	-0.001409	-0.003381	-0.003053	-0.001738	-0.001081	-0.002395
2019.10.26 11:10:55.174	-0.002724	0.000234	-0.002724	-0.003381	-0.003381	-0.001081	-0.002067	-0.002724
2019.10.26 11:10:56.174	-0.003053	-0.002067	-0.001409	-0.002067	-0.003053	-0.002395	-0.001409	-0.001738
2019.10.26 11:10:57.174	-0.003053	-0.002067	-0.001409	-0.002395	-0.004039	-0.003053	-0.002395	-0.001738
2019.10.26 11:10:58.174	-0.003053	-0.001081	-0.001081	-0.003053	-0.003381	-0.001738	-0.000752	-0.002395
2019.10.26 11:10:59.174	-0.000752	-0.002067	-0.003053	-0.002724	-0.000752	-0.001738	-0.003053	-0.002724
2019.10.26 11:11:00.174	-0.002724	-0.002067	-0.001409	-0.002067	-0.003381	-0.002395	-0.001081	-0.001738
2019.10.26 11:11:01.174	-0.003381	-0.003053	-0.000095	-0.002724	-0.003053	-0.003053	-0.001081	-0.001738
2019.10.26 11:11:02.174	-0.003053	-0.003710	-0.002724	-0.001409	-0.002395	-0.003710	-0.002724	-0.001081
2019.10.26 11:11:03.174	-0.001738	-0.001409	-0.003053	-0.002724	-0.002395	-0.000095	-0.002067	-0.003381
2019.10.26 11:11:04.174	-0.003053	-0.002724	-0.000095	-0.001738	-0.003381	-0.003053	-0.000423	-0.001738
2019.10.26 11:11:05.174	-0.001081	-0.002395	-0.002724	-0.002067	-0.001081	-0.001738	-0.002724	-0.002395
2019.10.26 11:11:06.174	-0.001409	-0.003053	-0.003053	-0.001409	-0.000752	-0.002395	-0.002724	-0.001738
2019.10.26 11:11:07.174	-0.000752	-0.001081	-0.002724	-0.003710	-0.003053	-0.001081	-0.002395	-0.003381
2019.10.26 11:11:08.174	-0.002724	-0.003053	-0.003053	-0.000752	-0.002067	-0.003053	-0.003381	-0.002395
2019.10.26 11:11:09.174	-0.003053	-0.003381	-0.000752	-0.002067	-0.002724	-0.003381	-0.002395	-0.001081
2019.10.26 11:11:10.174	-0.003381	-0.003381	-0.000752	-0.001738	-0.002724	-0.003710	-0.002067	-0.001409
2019.10.26 11:11:11.174	-0.002724	-0.003053	-0.002067	-0.001081	-0.002067	-0.002395	-0.002395	-0.000752
2019.10.26 11:11:12.174	-0.003053	-0.001409	-0.000752	-0.002395	-0.002724	-0.002067	-0.001081	-0.001738
2019.10.26 11:11:13.174	-0.003381	-0.003053	-0.001409	-0.001081	-0.002724	-0.003381	-0.001738	-0.001081
2019.10.26 11:11:14.174	-0.002067	-0.002724	-0.002395	-0.001738	-0.001409	-0.002724	-0.003053	-0.002067
2019.10.26 11:11:15.174	-0.000752	-0.002724	-0.003710	-0.003053	-0.000095	-0.002067	-0.002724	-0.003053
2019.10.26 11:11:16.174	-0.000095	-0.002395	-0.003381	-0.003381	-0.001409	-0.001738	-0.002724	-0.004039
2019.10.26 11:11:17.174	-0.003381	-0.002067	-0.001738	-0.002067	-0.003710	-0.003053	-0.001409	-0.002067
2019.10.26 11:11:18.174	-0.000423	-0.002067	-0.003053	-0.003381	-0.001409	-0.002067	-0.002067	-0.003381
2019.10.26 11:11:19.174	-0.001409	-0.002067	-0.003381	-0.003381	-0.001081	-0.001409	-0.003053	-0.003381
2019.10.26 11:11:20.174	-0.003053	-0.002067	-0.000752	-0.003053	-0.003053	-0.002067	-0.000423	-0.002724
2019.10.26 11:11:21.174	-0.003381	-0.001738	-0.000752	-0.002395	-0.002724	-0.002395	-0.001409	-0.002067
2019.10.26 11:11:22.174	-0.002724	-0.002067	-0.001081	-0.002724	-0.003381	-0.002395	-0.000095	-0.002724
2019.10.26 11:11:23.174	-0.001409	-0.001738	-0.003053	-0.003381	-0.001738	-0.001738	-0.003053	-0.003053
2019.10.26 11:11:24.174	-0.001738	-0.003053	-0.003710	-0.002724	-0.001738	-0.001738	-0.003381	-0.003053
2019.10.26 11:11:25.174	-0.002724	-0.002724	-0.002067	-0.001081	-0.001738	-0.002724	-0.002724	-0.001409
2019.10.26 11:11:26.174	-0.000095	-0.002395	-0.003381	-0.002724	-0.000423	-0.001738	-0.003053	-0.003710
2019.10.26 11:11:27.174	-0.001738	-0.003381	-0.003053	-0.001409	-0.001081	-0.002395	-0.003381	-0.001738
2019.10.26 11:11:28.174	-0.003053	-0.000423	-0.001738	-0.002724	-0.004039	-0.002067	-0.001409	-0.002395
2019.10.26 11:11:29.174	-0.004039	-0.002724	-0.000423	-0.002395	-0.003381	-0.002724	-0.000095	-0.002067
2019.10.26 11:11:30.174	-0.003381	-0.003381	-0.001081	-0.002067	-0.003053	-0.003381	-0.002067	-0.001409
2019.10.26 11:11:31.174	-0.003053	-0.001081	-0.001738	-0.003381	-0.003381	-0.002067	-0.001738	-0.002067
2019.10.26 11:11:32.174	-0.001409	-0.003381	-0.003381	-0.001738	-0.001409	-0.003053	-0.002724	-0.002067
2019.10.26 11:11:33.174	-0.001081	-0.002067	-0.002724	-0.002395	-0.001081	-0.001738	-0.003053	-0.002724
2019.10.26 11:11:34.174	-0.001081	-0.002395	-0.002395	-0.002067	-0.001081	-0.002067	-0.003053	-0.002395
2019.10.26 11:11:35.174	-0.003053	-0.002067	-0.000095	-0.002067	-0.003053	-0.003053	-0.000095	-0.002067
2019.10.26 11:11:36.174	-0.001409	-0.002395	-0.003053	-0.002067	-0.001081	-0.002067	-0.003053	-0.002067
2019.10.26 11:11:37.174	-0.003381	-0.003053	-0.001081	-0.002067	-0.003381	-0.003381	-0.001738	-0.001409
2019.10.26 11:11:38.174	-0.003053	-0.004039	-0.002395	-0.001409	-0.002067	-0.003710	-0.002724	-0.001409
2019.10.26 11:11:39.174	-0.002724	-0.003710	-0.003053	-0.001409	-0.002067	-0.003381	-0.003710	-0.001738
2019.10.26 11:11:40.174	-0.001409	-0.002724	-0.003381	-0.002724	-0.001738	-0.001738	-0.003381	-0.003710
2019.10.26 11:11:41.174	-0.002395	-0.002724	-0.002067	-0.001409	-0.001409	-0.002724	-0.003053	-0.001738
2019.10.26 11:11:42.174	-0.002067	-0.000752	-0.003053	-0.003053	-0.002067	-0.000423	-0.002395	-0.003710
2019.10.26 11:11:43.174	-0.002395	-0.003381	-0.003053	-0.001409	-0.002067	-0.003710	-0.003053	-0.001409
2019.10.26 11:11:44.174	-0.000423	-0.002724	-0.003053	-0.002724	-0.000095	-0.002067	-0.003053	-0.003710
2019.10.26 11:11:45.174	-0.002395	-0.001081	-0.001738	-0.003053	-0.002395	-0.001738	-0.001081	-0.003053
2019.10.26 11:11:46.174	-0.001081	-0.001409	-0.003710	-0.003381	-0.001738	-0.001081	-0.003053	-0.002724
2019.10.26 11:11:47.174	-0.001081	-0.002067	-0.002724	-0.002724	-0.001738	-0.001738	-0.002724	-0.003053
2019.10.26 11:11:48.174	-0.002724	-0.002067	-0.000423	-0.002724	-0.003381	-0.003053	-0.000423	-0.002724
2019.10.26 11:11:49.174	-0.002724	-0.002724	-0.002067	-0.001081	-0.001738	-0.003053	-0.002724	-0.001409
2019.10.26 11:11:50.174	-0.000752	-0.001738	-0.003053	-0.002724	-0.001409	-0.001409	-0.002724	-0.003053
2019.10.26 11:11:51.174	-0.003053	-0.002067	-0.000752	-0.002395	-0.003381	-0.002724	-0.000095	-0.002067
2019.10.26 11:11:52.174	-0.003053	-0.003381	-0.002067	-0.000752	-0.002724	-0.002724	-0.002067	-0.001081
2019.10.26 11:11:53.174	-0.002067	-0.001081	-0.002067	-0.003053	-0.002395	-0.001081	-0.002067	-0.003053
2019.10.26 11:11:54.174	-0.001738	-0.001738	-0.003053	-0.003053	-0.001738	-0.001409	-0.003053	-0.003053
2019.10.26 11:11:55.174	-0.003053	-0.000423	-0.001738	-0.003381	-0.003381	-0.000752	-0.002067	-0.003053
2019.10.26 11:11:56.174	-0.003381	-0.001409	-0.000752	-0.002724	-0.003053	-0.002067	-0.001081	-0.001409
2019.10.26 11:11:57.174	-0.003381	-0.003053	-0.001738	-0.000752	-0.002067	-0.002724	-0.002395	-0.001081
2019.10.26 11:11:58.174	-0.003053	-0.000095	-0.002067	-0.003053	-0.003053	-0.001081	-0.001738	-0.003053
2019.10.26 11:11:59.174	-0.002724	-0.003053	-0.002067	-0.001081	-0.002724	-0.003053	-0.002724	-0.000095
2019.10.26 11:12:00.174	-0.003710	-0.002724	-0.001738	-0.002724	-0.003381	-0.003053	-0.001409	-0.001738
2019.10.26 11:12:01.174	-0.002395	-0.000752	-0.002067	-0.003381	-0.002724	-0.001409	-0.001409	-0.003053
2019.10.26 11:12:02.174	-0.002724	-0.000752	-0.001081	-0.003053	-0.002724	-0.001409	-0.001081	-0.002724
2019.10.26 11:12:03.174	-0.002724	-0.001409	-0.001081	-0.002724	-0.002724	-0.002395	-0.001738	-0.001738
2019.10.26 11:12:04.174	-0.000752	-0.002395	-0.003381	-0.003053	-0.000095	-0.002067	-0.003053	-0.003710
2019.10.26 11:12:05.174	-0.001409	-0.002067	-0.003381	-0.003381	-0.001738	-0.001738	-0.003381	-0.003053
2019.10.26 11:12:06.174	-0.002724	-0.001738	-0.001409	-0.003381	-0.003053	-0.001738	-0.001081	-0.002724
2019.10.26 11:12:07.174	-0.003053	-0.003710	-0.001738	-0.001081	-0.002395	-0.003381	-0.003053	-0.001409
2019.10.26 11:12:08.174	-0.002067	-0.001409	-0.002067	-0.002724	-0.002724	-0.001081	-0.001738	-0.002395
2019.10.26 11:12:09.174	-0.003053	-0.002395	-0.001081	-0.001738	-0.003053	-0.002395	-0.001409	-0.001081
2019.10.26 11:12:10.174	-0.000752	-0.002067	-0.002724	-0.003381	-0.001738	-0.001409	-0.002395	-0.004039
2019.10.26 11:12:11.174	-0.001081	-0.002724	-0.003381	-0.002067	-0.000423	-0.002395	-0.003381	-0.002724
2019.10.26 11:12:12.174	-0.000095	-0.002724	-0.003381	-0.003381	-0.000423	-0.001738	-0.003053	-0.003710
2019.10.26 11:12:13.174	-0.003053	-0.003710	-0.001409	-0.001081	-0.002724	-0.002724	-0.001409	-0.000752
2019.10.26 11:12:14.174	-0.001081	-0.001409	-0.002724	-0.003053	-0.001409	-0.001409	-0.002724	-0.003381
2019.10.26 11:12:15.174	-0.003053	-0.003053	-0.002395	-0.000423	-0.002067	-0.003053	-0.003053	-0.001409
2019.10.26 11:12:16.174	-0.001409	-0.002067	-0.003710	-0.003381	-0.001081	-0.001738	-0.003381	-0.003381
2019.10.26 11:12:17.174	-0.001738	-0.002067	-0.003053	-0.002724	-0.001409	-0.001409	-0.002724	-0.003053
2019.10.26 11:12:18.174	-0.002067	-0.003710	-0.003381	-0.001409	-0.001409	-0.003053	-0.003053	-0.001738
2019.10.26 11:12:19.174	-0.003053	-0.000423	-0.003053	-0.003381	-0.002724	-0.000095	-0.001738	-0.003053
2019.10.26 11:12:20.174	-0.002067	-0.003381	-0.003381	-0.001738	-0.001738	-0.003053	-0.002724	-0.001738
2019.10.26 11:12:21.174	-0.002724	-0.003381	-0.002067	-0.001081	-0.002067	-0.002724	-0.002395	-0.001081
2019.10.26 11:12:22.174	-0.001409	-0.001409	-0.002395	-0.004039	-0.002724	-0.001738	-0.002067	-0.003710
2019.10.26 11:12:23.174	-0.002724	0.000234	-0.002395	-0.003381	-0.003381	-0.000752	-0.001738	-0.002724
2019.10.26 11:12:24.174	-0.001409	-0.000752	-0.002724	-0.003710	-0.002067	-0.000095	-0.002067	-0.003053
2019.10.26 11:12:25.174	-0.003053	-0.003381	-0.001409	-0.001738	-0.002724	-0.003053	-0.002395	-0.001409
2019.10.26 11:12:26.174	-0.003053	-0.002395	-0.001409	-0.001409	-0.003381	-0.003053	-0.002067	-0.000752
2019.10.26 11:12:27.174	-0.002067	-0.000752	-0.003053	-0.003381	-0.002724	-0.000095	-0.002067	-0.003053
2019.10.26 11:12:28.174	-0.001409	-0.001738	-0.002395	-0.004039	-0.002724	-0.001738	-0.002067	-0.003710
2019.10.26 11:12:29.174	-0.002067	-0.001081	-0.002067	-0.002724	-0.002067	-0.001409	-0.001081	-0.002724
2019.10.26 11:12:30.174	-0.001409	-0.002067	-0.002724	-0.002724	-0.001409	-0.001081	-0.002724	-0.003053
2019.10.26 11:12:31.174	-0.002067	-0.003053	-0.003381	-0.001738	-0.001409	-0.002067	-0.003710	-0.002724
2019.10.26 11:12:32.174	-0.002395	-0.001409	-0.001409	-0.003381	-0.002724	-0.001409	-0.000752	-0.003053
2019.10.26 11:12:33.174	-0.003053	-0.000423	-0.002067	-0.003053	-0.003710	-0.002067	-0.001738	-0.002395
2019.10.26 11:12:34.174	-0.002067	-0.002724	-0.002395	-0.001081	-0.001738	-0.003053	-0.002724	-0.001738
2019.10.26 11:12:35.174	-0.003053	-0.001081	-0.002067	-0.003381	-0.003381	-0.001738	-0.001738	-0.003381
2019.10.26 11:12:36.174	-0.001409	-0.003053	-0.003381	-0.001409	-0.001081	-0.002724	-0.002724	-0.002067
2019.10.26 11:12:37.174	-0.002724	-0.003381	-0.003381	-0.001081	-0.001409	-0.003053	-0.004039	-0.001409
2019.10.26 11:12:38.174	-0.000423	-0.001738	-0.003381	-0.003053	-0.001738	-0.001738	-0.002724	-0.003710
2019.10.26 11:12:39.174	-0.001409	-0.002395	-0.002724	-0.001738	-0.001081	-0.003053	-0.003053	-0.002067
2019.10.26 11:12:40.174	-0.001409	-0.001738	-0.003381	-0.003053	-0.001081	-0.001409	-0.003053	-0.003053
2019.10.26 11:12:41.174	-0.001738	-0.003053	-0.002724	-0.000752	-0.001409	-0.003053	-0.002724	-0.002067
2019.10.26 11:12:42.174	-0.002395	-0.003053	-0.002067	-0.001409	-0.001738	-0.002724	-0.002724	-0.001409
2019.10.26 11:12:43.174	-0.003381	-0.001409	-0.000752	-0.002395	-0.002395	-0.002067	-0.000752	-0.001738
2019.10.26 11:12:44.174	-0.003381	-0.001738	-0.001081	-0.002067	-0.002724	-0.002067	-0.001081	-0.002067
2019.10.26 11:12:45.174	-0.001409	-0.002724	-0.003053	-0.001409	-0.001081	-0.002395	-0.003053	-0.002067
2019.10.26 11:12:46.174	-0.003053	-0.001409	-0.001409	-0.003053	-0.003381	-0.001738	-0.000752	-0.002067
2019.10.26 11:12:47.174	-0.003053	-0.001738	-0.000752	-0.002395	-0.003053	-0.002395	0.000234	-0.002067
2019.10.26 11:12:48.174	-0.001409	-0.001738	-0.003053	-0.003381	-0.001409	-0.000752	-0.002724	-0.002724
2019.10.26 11:12:49.174	-0.004039	-0.003053	-0.001409	-0.001409	-0.003381	-0.003381	-0.001738	-0.001738
2019.10.26 11:12:50.174	-0.003053	-0.001081	-0.001409	-0.002724	-0.003381	-0.001738	-0.000752	-0.002395
2019.10.26 11:12:51.174	-0.003381	-0.001738	-0.001081	-0.002067	-0.002724	-0.001738	-0.001409	-0.001738
2019.10.26 11:12:52.174	-0.000095	-0.002395	-0.003381	-0.002724	-0.000423	-0.001738	-0.003053	-0.003053
2019.10.26 11:12:53.174	-0.003381	-0.003710	-0.001738	-0.001081	-0.002724	-0.002395	-0.001409	-0.001081
2019.10.26 11:12:54.174	-0.003053	-0.002067	-0.001738	-0.001738	-0.002724	-0.002724	-0.001738	-0.000752
2019.10.26 11:12:55.174	-0.003053	-0.003710	-0.002724	-0.001738	-0.002724	-0.003381	-0.003053	-0.001738
2019.10.26 11:12:56.174	-0.002395	-0.003710	-0.002724	-0.001409	-0.001409	-0.003053	-0.003381	-0.001738
2019.10.26 11:12:57.174	-0.002724	-0.002067	-0.000752	-0.002067	-0.002724	-0.002067	-0.001738	-0.001409
2019.10.26 11:12:58.174	-0.002724	-0.003053	-0.002067	-0.000752	-0.002724	-0.003053	-0.002724	-0.000095
2019.10.26 11:12:59.174	-0.000423	-0.002724	-0.003381	-0.002395	-0.000095	-0.002395	-0.003053	-0.003053
2019.10.26 11:13:00.174	-0.003053	-0.001738	-0.000752	-0.002067	-0.002724	-0.002395	-0.001409	-0.002067
2019.10.26 11:13:01.174	-0.000752	-0.002395	-0.002395	-0.001738	-0.000752	-0.002395	-0.002724	-0.002395
2019.10.26 11:13:02.174	-0.003053	-0.001738	-0.001738	-0.001738	-0.003053	-0.002724	-0.001081	-0.001738
2019.10.26 11:13:03.174	-0.000423	-0.002395	-0.003381	-0.002395	0.000234	-0.002067	-0.003710	-0.003053
2019.10.26 11:13:04.174	-0.001081	-0.001409	-0.002724	-0.002724	-0.001409	-0.001081	-0.003053	-0.002724
2019.10.26 11:13:05.174	-0.003053	-0.002067	-0.000095	-0.003053	-0.003381	-0.002724	-0.000095	-0.002395
2019.10.26 11:13:06.174	-0.002395	-0.002724	-0.002067	-0.001081	-0.001738	-0.003053	-0.002067	-0.001081
2019.10.26 11:13:07.174	-0.002395	-0.000095	-0.002724	-0.003053	-0.002724	-0.000423	-0.001738	-0.003381
2019.10.26 11:13:08.174	-0.002067	-0.003053	-0.002395	-0.001081	-0.002067	-0.002724	-0.003053	-0.001409
2019.10.26 11:13:09.174	-0.001409	-0.002724	-0.002724	-0.001738	-0.000752	-0.002724	-0.002724	-0.002395
2019.10.26 11:13:10.174	0.000234	-0.002395	-0.003053	-0.003053	-0.000095	-0.001738	-0.002724	-0.003710
2019.10.26 11:13:11.174	-0.002395	-0.003053	-0.002067	-0.001081	-0.001738	-0.003053	-0.002724	-0.001081
2019.10.26 11:13:12.174	-0.000095	-0.002395	-0.003053	-0.003053	-0.000752	-0.001738	-0.002724	-0.003710
2019.10.26 11:13:13.174	-0.002724	-0.002724	-0.002724	-0.000423	-0.002395	-0.002724	-0.003053	-0.000423
2019.10.26 11:13:14.174	-0.002067	-0.002724	-0.003053	-0.001409	-0.001409	-0.002724	-0.003710	-0.002395
2019.10.26 11:13:15.174	-0.002395	-0.001738	-0.002395	-0.004039	-0.003053	-0.001738	-0.001409	-0.003053
2019.10.26 11:13:16.174	-0.002067	-0.000423	-0.002395	-0.003381	-0.002724	-0.000095	-0.001409	-0.003381
2019.10.26 11:13:17.174	-0.003053	-0.002724	-0.002067	-0.001409	-0.002724	-0.003381	-0.001738	-0.000752
2019.10.26 11:13:18.174	-0.003053	-0.003053	-0.001738	-0.001409	-0.003053	-0.003053	-0.002067	-0.000752
2019.10.26 11:13:19.174	-0.001738	-0.000752	-0.002724	-0.003053	-0.002067	-0.000423	-0.002395	-0.003053
2019.10.26 11:13:20.174	-0.002395	0.000234	-0.002395	-0.003053	-0.003053	-0.000423	-0.001738	-0.002724
2019.10.26 11:13:21.174	-0.002067	-0.003381	-0.002395	-0.000423	-0.002395	-0.003053	-0.003053	-0.000752
2019.10.26 11:13:22.174	-0.002724	-0.001409	-0.001738	-0.003381	-0.003381	-0.001409	-0.001409	-0.002724
2019.10.26 11:13:23.174	-0.001081	-0.002724	-0.003053	-0.001738	-0.000752	-0.002395	-0.002724	-0.002395
2019.10.26 11:13:24.174	-0.001738	-0.002067	-0.003710	-0.003053	-0.001081	-0.001738	-0.002724	-0.003053
2019.10.26 11:13:25.174	-0.000752	-0.001738	-0.002395	-0.003053	-0.002067	-0.001409	-0.002724	-0.003381
2019.10.26 11:13:26.174	-0.003710	-0.001409	-0.001738	-0.002395	-0.003710	-0.002724	-0.001409	-0.002067
2019.10.26 11:13:27.174	-0.002724	-0.002067	-0.000423	-0.002395	-0.003381	-0.003053	0.000234	-0.002067
2019.10.26 11:13:28.174	-0.000095	-0.002395	-0.003053	-0.003053	-0.000423	-0.001738	-0.003053	-0.003381
2019.10.26 11:13:29.174	-0.001081	-0.002395	-0.002724	-0.002067	-0.000752	-0.001738	-0.003381	-0.002067
2019.10.26 11:13:30.174	-0.004039	-0.002395	-0.001081	-0.002067	-0.003381	-0.002724	-0.001081	-0.001409
2019.10.26 11:13:31.174	-0.003053	-0.002724	-0.001409	-0.001409	-0.002724	-0.002724	-0.001409	-0.001081
2019.10.26 11:13:32.174	-0.000752	-0.001738	-0.002724	-0.002724	-0.001738	-0.000752	-0.003053	-0.003053
2019.10.26 11:13:33.174	-0.003053	-0.000423	-0.002067	-0.003053	-0.003381	-0.001738	-0.002067	-0.002067
2019.10.26 11:13:34.174	-0.001409	-0.002395	-0.003710	-0.002724	-0.001081	-0.001409	-0.003381	-0.003053
2019.10.26 11:13:35.174	-0.002724	-0.001081	-0.001409	-0.003053	-0.003381	-0.001409	-0.000752	-0.002724
2019.10.26 11:13:36.174	-0.003381	-0.003710	-0.001409	-0.001738	-0.002724	-0.003710	-0.002724	-0.001409
2019.10.26 11:13:37.174	-0.002395	-0.003381	-0.003053	-0.001409	-0.001738	-0.003053	-0.003381	-0.001409
2019.10.26 11:13:38.174	-0.001409	-0.001409	-0.003053	-0.003053	-0.001738	-0.001081	-0.002724	-0.003381
2019.10.26 11:13:39.174	-0.001081	-0.001738	-0.003053	-0.003053	-0.003053	-0.001738	-0.002067	-0.003381
2019.10.26 11:13:40.174	-0.002724	-0.001409	-0.001409	-0.003053	-0.003053	-0.002067	-0.001081	-0.002724
2019.10.26 11:13:41.174	-0.002724	-0.003710	-0.002724	-0.001738	-0.002395	-0.003710	-0.002395	-0.001409
2019.10.26 11:13:42.174	-0.002067	-0.000752	-0.002395	-0.003053	-0.002724	-0.000423	-0.001738	-0.003053
2019.10.26 11:13:43.174	-0.000423	-0.001738	-0.003053	-0.003053	-0.001409	-0.001738	-0.002724	-0.003710
2019.10.26 11:13:44.174	-0.002067	-0.003053	-0.002395	-0.001081	-0.001409	-0.002724	-0.003053	-0.001738
2019.10.26 11:13:45.174	-0.002395	-0.000423	-0.002395	-0.003381	-0.003381	-0.000095	-0.002067	-0.002724
2019.10.26 11:13:46.174	-0.000752	-0.003053	-0.003053	-0.002724	-0.000095	-0.002395	-0.002724	-0.003053
2019.10.26 11:13:47.174	-0.000752	-0.001738	-0.003053	-0.003381	-0.002067	-0.001738	-0.002395	-0.003710
2019.10.26 11:13:48.174	-0.003053	-0.001081	-0.002067	-0.003381	-0.003381	-0.001409	-0.001081	-0.002395
2019.10.26 11:13:49.174	-0.002067	-0.003381	-0.002395	-0.001081	-0.001409	-0.003381	-0.003053	-0.001738
2019.10.26 11:13:50.174	-0.003381	-0.003053	-0.000752	-0.001738	-0.003053	-0.003381	-0.002067	-0.002067
2019.10.26 11:13:51.174	-0.001738	-0.003381	-0.003381	-0.001409	-0.001081	-0.002395	-0.002724	-0.002067
2019.10.26 11:13:52.174	-0.001738	-0.002395	-0.003381	-0.003053	-0.001409	-0.001738	-0.003381	-0.003053
2019.10.26 11:13:53.174	-0.002724	-0.003053	-0.002395	-0.000752	-0.001738	-0.003053	-0.003053	-0.001409
2019.10.26 11:13:54.174	-0.003053	-0.003053	-0.001409	-0.001081	-0.003053	-0.003381	-0.002067	-0.000423
2019.10.26 11:13:55.174	-0.002724	-0.003053	-0.002724	-0.000423	-0.001738	-0.003381	-0.003381	-0.000752
2019.10.26 11:13:56.174	-0.000752	-0.002067	-0.002724	-0.002724	-0.001081	-0.001738	-0.002724	-0.002724
2019.10.26 11:13:57.174	-0.001738	-0.001081	-0.002395	-0.002724	-0.001738	-0.000752	-0.002395	-0.002724
2019.10.26 11:13:58.174	-0.000752	-0.002724	-0.003381	-0.002395	-0.000752	-0.002395	-0.003053	-0.002724
2019.10.26 11:13:59.174	-0.003710	-0.001081	-0.001738	-0.002724	-0.003710	-0.002067	-0.001409	-0.002395
2019.10.26 11:14:00.174	-0.003381	-0.002724	-0.001081	-0.002067	-0.003710	-0.003381	-0.002067	-0.001081
2019.10.26 11:14:01.174	-0.001738	-0.001409	-0.003053	-0.003381	-0.001738	-0.001409	-0.002724	-0.003053
2019.10.26 11:14:02.174	-0.003053	-0.001409	-0.000752	-0.002067	-0.003053	-0.002067	-0.000752	-0.001738
2019.10.26 11:14:03.174	-0.003053	-0.002395	-0.001081	-0.001081	-0.003053	-0.003053	-0.002395	-0.001081
2019.10.26 11:14:04.174	-0.001409	-0.002724	-0.003053	-0.001738	-0.001081	-0.002724	-0.003053	-0.002067
2019.10.26 11:14:05.174	-0.003053	-0.002395	-0.001409	-0.002724	-0.003053	-0.002724	-0.000752	-0.002724
2019.10.26 11:14:06.174	-0.002067	-0.003381	-0.003053	-0.000423	-0.002067	-0.003053	-0.003381	-0.001409
2019.10.26 11:14:07.174	-0.001409	-0.001081	-0.002724	-0.003053	-0.002067	-0.001409	-0.002724	-0.002724
2019.10.26 11:14:08.174	-0.002067	-0.001409	-0.001738	-0.003053	-0.002724	-0.001738	-0.000423	-0.003381
2019.10.26 11:14:09.174	-0.002724	-0.003710	-0.001081	-0.001738	-0.002724	-0.003710	-0.002724	-0.001738
2019.10.26 11:14:10.174	-0.003381	-0.002395	-0.000095	-0.002067	-0.003053	-0.002724	-0.001081	-0.002067
2019.10.26 11:14:11.174	-0.002395	-0.001738	-0.001409	-0.002395	-0.003053	-0.002395	-0.000423	-0.002724
2019.10.26 11:14:12.174	-0.001409	-0.003053	-0.003381	-0.002067	-0.000752	-0.002724	-0.003381	-0.002724
2019.10.26 11:14:13.174	-0.003053	-0.003710	-0.001738	-0.001409	-0.002395	-0.003710	-0.002724	-0.001409
2019.10.26 11:14:14.174	-0.003053	-0.001409	-0.002067	-0.003710	-0.003381	-0.001409	-0.001409	-0.002724
2019.10.26 11:14:15.174	-0.000423	-0.003053	-0.003053	-0.002395	-0.000095	-0.001738	-0.003053	-0.003053
2019.10.26 11:14:16.174	-0.001738	-0.000752	-0.002067	-0.003053	-0.002395	-0.001081	-0.002067	-0.003053
2019.10.26 11:14:17.174	-0.002067	-0.000752	-0.002067	-0.002724	-0.002067	-0.001738	-0.001409	-0.002724
2019.10.26 11:14:18.174	-0.000752	-0.001738	-0.002724	-0.003381	-0.001738	-0.001738	-0.002067	-0.003381
2019.10.26 11:14:19.174	-0.000095	-0.002067	-0.003710	-0.003381	-0.000423	-0.002067	-0.002724	-0.003710
2019.10.26 11:14:20.174	-0.003053	-0.003381	-0.001738	-0.001081	-0.002395	-0.003710	-0.003053	-0.001738
2019.10.26 11:14:21.174	-0.001081	-0.001409	-0.002724	-0.002724	-0.001738	-0.000752	-0.002724	-0.003053
2019.10.26 11:14:22.174	-0.001738	-0.002724	-0.003053	-0.001409	-0.000423	-0.002724	-0.003053	-0.002724
2019.10.26 11:14:23.174	-0.001738	-0.001081	-0.003053	-0.002724	-0.002067	-0.001081	-0.002067	-0.002395
2019.10.26 11:14:24.174	-0.003053	-0.003710	-0.001409	-0.001738	-0.003053	-0.002395	-0.001738	-0.000752
2019.10.26 11:14:25.174	-0.003053	-0.003053	-0.000423	-0.001738	-0.003381	-0.003381	-0.001409	-0.001738
2019.10.26 11:14:26.174	-0.002724	-0.002067	-0.000752	-0.002067	-0.003053	-0.002724	-0.001738	-0.001409
2019.10.26 11:14:27.174	-0.002067	-0.000423	-0.003053	-0.003381	-0.002724	-0.000095	-0.002067	-0.003381
2019.10.26 11:14:28.174	-0.002395	-0.003053	-0.002724	-0.000423	-0.002395	-0.002724	-0.003053	-0.000423
2019.10.26 11:14:29.174	-0.002724	-0.002395	-0.001409	-0.002067	-0.003381	-0.003053	-0.002067	-0.000752
2019.10.26 11:14:30.174	-0.001409	-0.001081	-0.002724	-0.003053	-0.001738	-0.000752	-0.002067	-0.003053
2019.10.26 11:14:31.174	-0.001409	-0.001409	-0.003053	-0.003053	-0.001409	-0.001081	-0.002067	-0.002724
2019.10.26 11:14:32.174	-0.003381	-0.001081	-0.001081	-0.003053	-0.003053	-0.001738	-0.001409	-0.002395
2019.10.26 11:14:33.174	-0.001409	-0.001081	-0.003053	-0.003053	-0.001409	-0.001081	-0.002067	-0.002724
2019.10.26 11:14:34.174	-0.003053	-0.001738	-0.001738	-0.003381	-0.003053	-0.001738	-0.001409	-0.003053
2019.10.26 11:14:35.174	-0.001081	-0.002724	-0.002724	-0.002395	-0.000752	-0.002067	-0.002724	-0.002395
2019.10.26 11:14:36.174	-0.002724	-0.002724	-0.002067	-0.000752	-0.002395	-0.003053	-0.002395	-0.000423
2019.10.26 11:14:37.174	-0.003381	-0.003053	-0.001738	-0.001409	-0.003053	-0.003053	-0.001738	-0.001081
2019.10.26 11:14:38.174	-0.002067	-0.003053	-0.003381	-0.000095	-0.001738	-0.003053	-0.003053	-0.001081
2019.10.26 11:14:39.174	-0.001738	-0.003053	-0.003053	-0.001738	-0.001409	-0.003053	-0.003053	-0.002395
2019.10.26 11:14:40.174	-0.002724	0.000234	-0.002395	-0.002724	-0.003053	-0.000423	-0.002067	-0.002724
2019.10.26 11:14:41.174	-0.003053	-0.001409	-0.001738	-0.003381	-0.003710	-0.001738	-0.001409	-0.002724
2019.10.26 11:14:42.174	-0.002395	-0.000095	-0.002395	-0.003381	-0.002724	-0.000423	-0.002067	-0.003053
2019.10.26 11:14:43.174	-0.003053	-0.000095	-0.002067	-0.003053	-0.003381	-0.001738	-0.002067	-0.003053
2019.10.26 11:14:44.174	-0.002724	-0.000423	-0.002395	-0.003053	-0.003710	-0.001081	-0.001738	-0.003053
2019.10.26 11:14:45.174	-0.002395	-0.001081	-0.001409	-0.002724	-0.003053	-0.001409	-0.001409	-0.003053
2019.10.26 11:14:46.174	-0.000095	-0.001738	-0.003381	-0.003710	-0.000423	-0.002067	-0.003053	-0.003710
2019.10.26 11:14:47.174	-0.002724	-0.001409	-0.001409	-0.003053	-0.003053	-0.001738	-0.000752	-0.002724
2019.10.26 11:14:48.174	-0.003053	-0.003053	-0.002067	-0.001081	-0.002395	-0.003381	-0.003053	-0.000095
2019.10.26 11:14:49.174	-0.002395	-0.002724	-0.002395	-0.000752	-0.002067	-0.003053	-0.002724	-0.001738
2019.10.26 11:14:50.174	-0.002067	-0.000423	-0.002395	-0.003053	-0.002395	0.000234	-0.001738	-0.003053
2019.10.26 11:14:51.174	-0.001409	-0.002724	-0.002724	-0.002067	-0.000423	-0.002395	-0.002724	-0.002724
2019.10.26 11:14:52.174	-0.001081	-0.002067	-0.002724	-0.002724	-0.001409	-0.001409	-0.002724	-0.003053
2019.10.26 11:14:53.174	-0.001409	-0.001081	-0.003381	-0.003053	-0.001738	-0.000752	-0.002395	-0.002724
2019.10.26 11:14:54.174	-0.003053	-0.001738	-0.000752	-0.002724	-0.002724	-0.002395	-0.001409	-0.001081
2019.10.26 11:14:55.174	-0.003053	-0.002395	-0.001409	-0.001738	-0.002724	-0.003053	-0.001409	-0.000752
2019.10.26 11:14:56.174	-0.001738	-0.000752	-0.003053	-0.003053	-0.002067	-0.000423	-0.002724	-0.003381
2019.10.26 11:14:57.174	-0.001081	-0.001409	-0.003053	-0.002724	-0.002067	-0.001409	-0.003053	-0.003053
2019.10.26 11:14:58.174	-0.003381	-0.003053	-0.001081	-0.002067	-0.003381	-0.003710	-0.001738	-0.001409
2019.10.26 11:14:59.174	-0.001738	-0.000752	-0.002724	-0.003381	-0.002067	-0.000423	-0.002395	-0.003381
2019.10.26 11:15:00.174	-0.001409	-0.001738	-0.003053	-0.003053	-0.001738	-0.001081	-0.002067	-0.003710
2019.10.26 11:15:01.174	-0.002724	-0.003381	-0.002724	-0.000095	-0.002395	-0.002724	-0.003710	-0.001081
2019.10.26 11:15:02.174	-0.003053	-0.001409	-0.001738	-0.002724	-0.003053	-0.001081	-0.001409	-0.002395
2019.10.26 11:15:03.174	-0.001738	-0.001738	-0.002724	-0.004039	-0.003053	-0.001738	-0.002395	-0.003381
2019.10.26 11:15:04.174	-0.002395	-0.002395	-0.002067	-0.000752	-0.001738	-0.003053	-0.002724	-0.001081
2019.10.26 11:15:05.174	-0.001409	-0.002724	-0.003710	-0.002724	-0.000423	-0.002067	-0.002724	-0.003053
2019.10.26 11:15:06.174	-0.001409	-0.001081	-0.003053	-0.003381	-0.001738	-0.001081	-0.002067	-0.002724
2019.10.26 11:15:07.174	-0.003381	-0.002724	-0.000095	-0.002067	-0.003381	-0.002724	-0.000423	-0.001738
2019.10.26 11:15:08.174	-0.002067	-0.001738	-0.002395	-0.003710	-0.003053	-0.000752	-0.001738	-0.003381
2019.10.26 11:15:09.174	-0.002067	-0.001081	-0.002067	-0.003053	-0.002395	-0.001738	-0.001738	-0.002395
2019.10.26 11:15:10.174	-0.001738	-0.002724	-0.002395	-0.001409	-0.000752	-0.002724	-0.002724	-0.001738
2019.10.26 11:15:11.174	-0.001081	-0.002067	-0.003710	-0.003053	-0.001409	-0.001738	-0.002724	-0.003381
2019.10.26 11:15:12.174	-0.002724	-0.003053	-0.002067	-0.001081	-0.002395	-0.002395	-0.002067	-0.000752
2019.10.26 11:15:13.174	-0.002724	-0.002395	-0.001409	-0.001409	-0.002724	-0.003053	-0.001738	-0.000752
2019.10.26 11:15:14.174	-0.003710	-0.001738	-0.001409	-0.002395	-0.003710	-0.002395	-0.001738	-0.001738
2019.10.26 11:15:15.174	-0.001081	-0.001738	-0.002724	-0.002724	-0.001409	-0.001081	-0.003053	-0.003381
2019.10.26 11:15:16.174	-0.004039	-0.003053	-0.001409	-0.001738	-0.003381	-0.003053	-0.001738	-0.001081
2019.10.26 11:15:17.174	-0.002724	-0.001409	-0.001738	-0.002724	-0.003053	-0.001738	-0.000752	-0.003053
2019.10.26 11:15:18.174	-0.001738	-0.002067	-0.002724	-0.003381	-0.001738	-0.001409	-0.003053	-0.003053
2019.10.26 11:15:19.174	-0.003053	-0.001409	-0.001738	-0.002395	-0.003053	-0.002067	-0.001409	-0.002067
2019.10.26 11:15:20.174	-0.001738	-0.003053	-0.002724	-0.001738	-0.001409	-0.003053	-0.003053	-0.002067
2019.10.26 11:15:21.174	-0.002724	-0.000095	-0.002395	-0.003381	-0.003053	-0.000423	-0.002067	-0.003381
2019.10.26 11:15:22.174	-0.002395	-0.001738	-0.000752	-0.001738	-0.003053	-0.002395	-0.001409	-0.001409
2019.10.26 11:15:23.174	-0.002067	-0.003710	-0.003381	-0.001081	-0.001409	-0.003053	-0.003381	-0.002067
2019.10.26 11:15:24.174	-0.001409	-0.003053	-0.002395	-0.001738	-0.000752	-0.002067	-0.003053	-0.002067
2019.10.26 11:15:25.174	-0.001081	-0.001738	-0.002724	-0.002395	-0.001081	-0.002067	-0.002724	-0.003053
2019.10.26 11:15:26.174	-0.002395	-0.003053	-0.002395	-0.001081	-0.002067	-0.003053	-0.002724	-0.001409
2019.10.26 11:15:27.174	-0.003710	-0.003053	-0.001409	-0.001738	-0.002724	-0.004039	-0.001738	-0.001081
2019.10.26 11:15:28.174	-0.003381	-0.003710	-0.001409	-0.001738	-0.003053	-0.003053	-0.001738	-0.000752
2019.10.26 11:15:29.174	-0.003710	-0.002067	-0.001409	-0.002067	-0.003710	-0.003053	-0.001738	-0.001738
2019.10.26 11:15:30.174	-0.001081	-0.001409	-0.002724	-0.003381	-0.003053	-0.001409	-0.002395	-0.003710
2019.10.26 11:15:31.174	-0.001738	-0.002724	-0.003710	-0.001738	-0.001409	-0.002395	-0.003710	-0.002724
2019.10.26 11:15:32.174	-0.000423	-0.002724	-0.003053	-0.003053	-0.000095	-0.002067	-0.003381	-0.003381
2019.10.26 11:15:33.174	-0.002067	-0.000423	-0.002067	-0.002395	-0.001738	-0.000752	-0.001409	-0.003053
2019.10.26 11:15:34.174	-0.003053	-0.000752	-0.001738	-0.002724	-0.003710	-0.002724	-0.001081	-0.002067
2019.10.26 11:15:35.174	-0.001738	-0.001409	-0.001738	-0.003053	-0.002395	-0.001738	-0.001409	-0.003053
2019.10.26 11:15:36.174	-0.003381	-0.002395	-0.000095	-0.002395	-0.003710	-0.002724	-0.000423	-0.001738
2019.10.26 11:15:37.174	-0.003381	-0.003053	-0.000423	-0.001738	-0.003053	-0.003710	-0.002067	-0.001738
2019.10.26 11:15:38.174	-0.003053	-0.000095	-0.002395	-0.003053	-0.003053	-0.001738	-0.001738	-0.002395
2019.10.26 11:15:39.174	-0.001738	-0.000752	-0.002724	-0.003053	-0.001738	-0.000752	-0.001738	-0.002724
2019.10.26 11:15:40.174	-0.001081	-0.001738	-0.002724	-0.002395	-0.001081	-0.001409	-0.002724	-0.002724
2019.10.26 11:15:41.174	-0.002724	-0.003381	-0.002067	-0.000752	-0.002395	-0.003381	-0.003053	-0.000095
2019.10.26 11:15:42.174	-0.001409	-0.003053	-0.003053	-0.001738	-0.000752	-0.002724	-0.002395	-0.002395
2019.10.26 11:15:43.174	-0.001409	-0.003053	-0.002395	-0.001738	-0.001081	-0.002067	-0.002395	-0.002395
2019.10.26 11:15:44.174	-0.000423	-0.002395	-0.002724	-0.002067	-0.001081	-0.001738	-0.003053	-0.002724
2019.10.26 11:15:45.174	-0.000423	-0.001738	-0.002724	-0.002724	-0.001409	-0.001738	-0.002724	-0.003053
2019.10.26 11:15:46.174	-0.000423	-0.002067	-0.003053	-0.003710	-0.001409	-0.001081	-0.002395	-0.003710
2019.10.26 11:15:47.174	-0.000095	-0.002067	-0.003381	-0.003381	-0.001409	-0.002067	-0.002724	-0.003381
2019.10.26 11:15:48.174	-0.004039	-0.002724	-0.002067	-0.001738	-0.003381	-0.003053	-0.001738	-0.001738
2019.10.26 11:15:49.174	-0.003710	-0.001081	-0.002067	-0.003053	-0.003381	-0.001738	-0.001738	-0.002395
2019.10.26 11:15:50.174	-0.001081	-0.002395	-0.003381	-0.003053	-0.001409	-0.002067	-0.003381	-0.003053
2019.10.26 11:15:51.174	-0.002724	-0.003381	-0.002395	-0.000423	-0.002067	-0.003381	-0.002724	-0.000095
2019.10.26 11:15:52.174	-0.003053	-0.002724	-0.002067	-0.000752	-0.002395	-0.002724	-0.002395	0.000563
2019.10.26 11:15:53.174	-0.003381	-0.003381	-0.000423	-0.002067	-0.003053	-0.003381	-0.001738	-0.001738
2019.10.26 11:15:54.174	-0.001081	-0.003053	-0.003053	-0.002067	-0.000752	-0.002395	-0.003053	-0.002724
2019.10.26 11:15:55.174	-0.003381	-0.001409	-0.001738	-0.002724	-0.002724	-0.001409	-0.001409	-0.002395
2019.10.26 11:15:56.174	-0.002067	-0.003053	-0.003381	-0.001409	-0.001409	-0.002724	-0.003381	-0.002724
2019.10.26 11:15:57.174	-0.001409	-0.003053	-0.003381	-0.001738	-0.000752	-0.002395	-0.003053	-0.002395
2019.10.26 11:15:58.174	-0.002067	-0.003053	-0.003710	-0.001081	-0.001409	-0.002724	-0.003710	-0.002395
2019.10.26 11:15:59.174	-0.001738	-0.001081	-0.002067	-0.002724	-0.002067	-0.001081	-0.002067	-0.002724
2019.10.26 11:16:00.174	-0.003053	-0.002067	-0.001738	-0.003053	-0.003053	-0.001738	-0.000752	-0.002724
2019.10.26 11:16:01.174	-0.003710	-0.002395	-0.000752	-0.002067	-0.003053	-0.002395	-0.000752	-0.001738
2019.10.26 11:16:02.174	-0.002724	-0.002724	-0.001409	-0.001081	-0.003053	-0.003053	-0.001738	-0.000752
2019.10.26 11:16:03.174	-0.001409	-0.001738	-0.002724	-0.003053	-0.001738	-0.001409	-0.002067	-0.003053
2019.10.26 11:16:04.174	-0.001081	-0.001409	-0.003053	-0.003053	-0.002067	-0.001081	-0.002724	-0.003381
2019.10.26 11:16:05.174	-0.003381	-0.003053	-0.002067	-0.001409	-0.003381	-0.003381	-0.001409	-0.001081
2019.10.26 11:16:06.174	-0.002395	-0.001738	-0.002724	-0.003381	-0.002724	-0.001409	-0.001738	-0.003053
2019.10.26 11:16:07.174	-0.002724	-0.003053	-0.001738	-0.001409	-0.002724	-0.003053	-0.002395	-0.001081
2019.10.26 11:16:08.174	-0.002067	-0.003053	-0.002724	-0.001081	-0.001409	-0.002724	-0.002395	-0.002067
2019.10.26 11:16:09.174	-0.003053	-0.003381	-0.002067	-0.001409	-0.002395	-0.003710	-0.003053	-0.001081
2019.10.26 11:16:10.174	-0.000752	-0.001409	-0.003053	-0.002724	-0.001738	-0.000752	-0.002724	-0.003710
2019.10.26 11:16:11.174	-0.003053	-0.002395	-0.001409	-0.001738	-0.002724	-0.002724	-0.001738	-0.001081
2019.10.26 11:16:12.174	-0.003053	-0.002395	-0.001081	-0.002067	-0.003710	-0.002724	-0.001409	-0.002067
2019.10.26 11:16:13.174	-0.003053	-0.001409	-0.001081	-0.003053	-0.002724	-0.002395	-0.000423	-0.002395
2019.10.26 11:16:14.174	-0.002724	-0.002067	-0.000752	-0.002067	-0.003053	-0.002724	-0.001738	-0.001409
2019.10.26 11:16:15.174	-0.001081	-0.001738	-0.002724	-0.002724	-0.001738	-0.001081	-0.002724	-0.003053
2019.10.26 11:16:16.174	-0.002724	-0.000423	-0.002067	-0.003381	-0.003053	-0.000752	-0.001738	-0.003053
2019.10.26 11:16:17.174	-0.002724	-0.001409	-0.002395	-0.003710	-0.003053	-0.001409	-0.001738	-0.003710
2019.10.26 11:16:18.174	-0.003053	-0.003053	-0.000752	-0.001409	-0.002724	-0.003710	-0.002067	-0.001409
2019.10.26 11:16:19.174	-0.002724	-0.001409	-0.002395	-0.003381	-0.003053	-0.001409	-0.001409	-0.003053
2019.10.26 11:16:20.174	-0.002724	-0.002724	-0.002067	-0.001081	-0.001738	-0.003053	-0.002395	-0.001738
2019.10.26 11:16:21.174	-0.003381	-0.002724	-0.000423	-0.002395	-0.003381	-0.003710	-0.001409	-0.001409
2019.10.26 11:16:22.174	-0.001081	-0.003053	-0.003381	-0.001738	-0.001081	-0.002395	-0.002724	-0.002067
2019.10.26 11:16:23.174	-0.000752	-0.002067	-0.002724	-0.003710	-0.002395	-0.001738	-0.002395	-0.004039
2019.10.26 11:16:24.174	-0.001081	-0.001409	-0.003053	-0.002724	-0.001409	-0.000423	-0.002724	-0.003381
2019.10.26 11:16:25.174	-0.001738	-0.003053	-0.003381	-0.001738	-0.001081	-0.002395	-0.002724	-0.002395
2019.10.26 11:16:26.174	-0.003053	-0.003053	-0.000423	-0.001738	-0.003053	-0.003710	-0.002067	-0.001409
2019.10.26 11:16:27.174	-0.002395	-0.002724	-0.002067	-0.001081	-0.001409	-0.002724	-0.002395	-0.001409
2019.10.26 11:16:28.174	-0.001409	-0.002067	-0.003053	-0.003381	-0.001409	-0.001409	-0.002395	-0.003710
2019.10.26 11:16:29.174	-0.001081	-0.002067	-0.003381	-0.002724	-0.001409	-0.001738	-0.003053	-0.003053
2019.10.26 11:16:30.174	-0.003381	-0.002395	0.000234	-0.002395	-0.003053	-0.002724	-0.000752	-0.001738
2019.10.26 11:16:31.174	-0.003381	-0.001081	-0.001409	-0.003053	-0.003381	-0.002067	-0.001081	-0.002724
2019.10.26 11:16:32.174	-0.003381	-0.001409	-0.001409	-0.003381	-0.003381	-0.001738	-0.001738	-0.002395
2019.10.26 11:16:33.174	-0.003381	-0.003381	-0.000423	-0.001409	-0.003053	-0.003710	-0.001738	-0.001409
2019.10.26 11:16:34.174	-0.001409	-0.002395	-0.003053	-0.002067	-0.000752	-0.002067	-0.003053	-0.002724
2019.10.26 11:16:35.174	-0.003053	-0.003381	-0.002724	-0.001409	-0.002395	-0.003710	-0.003381	-0.001409
2019.10.26 11:16:36.174	-0.002724	-0.003381	-0.002724	-0.001409	-0.002067	-0.003710	-0.002724	-0.001409
2019.10.26 11:16:37.174	-0.003381	-0.001081	-0.001409	-0.002724	-0.004039	-0.003053	-0.002067	-0.002067
2019.10.26 11:16:38.174	-0.002067	-0.003053	-0.004039	-0.002724	-0.001081	-0.002067	-0.003381	-0.003053
2019.10.26 11:16:39.174	-0.001409	-0.001081	-0.002724	-0.002724	-0.001409	-0.000752	-0.002067	-0.002724
2019.10.26 11:16:40.174	-0.002724	-0.003381	-0.001409	-0.001409	-0.002395	-0.002724	-0.002395	-0.000752
2019.10.26 11:16:41.174	-0.002395	-0.000095	-0.002395	-0.003381	-0.003053	-0.000752	-0.001738	-0.003053
2019.10.26 11:16:42.174	-0.003710	-0.003381	-0.000095	-0.002067	-0.003053	-0.003381	-0.001738	-0.001409
2019.10.26 11:16:43.174	-0.002067	-0.001409	-0.001409	-0.003053	-0.002724	-0.001738	-0.001081	-0.002724
2019.10.26 11:16:44.174	-0.002067	-0.002724	-0.003053	-0.001081	-0.001409	-0.003053	-0.003053	-0.001409
2019.10.26 11:16:45.174	-0.003053	-0.001409	-0.000752	-0.002395	-0.002724	-0.002067	-0.001409	-0.001738
2019.10.26 11:16:46.174	-0.003053	-0.002724	-0.002067	-0.000752	-0.002395	-0.002724	-0.002067	-0.001081
2019.10.26 11:16:47.174	-0.000095	-0.002724	-0.003053	-0.003053	0.000234	-0.002067	-0.003053	-0.003381
2019.10.26 11:16:48.174	-0.002067	-0.001409	-0.001738	-0.002724	-0.002724	-0.001738	-0.001409	-0.002724
2019.10.26 11:16:49.174	-0.001409	-0.002724	-0.002724	-0.001409	-0.001081	-0.002724	-0.003053	-0.002067
2019.10.26 11:16:50.174	-0.003381	-0.002724	-0.000095	-0.002395	-0.003710	-0.003381	-0.001081	-0.001409
2019.10.26 11:16:51.174	-0.001738	-0.001409	-0.002067	-0.002724	-0.002724	-0.001409	-0.001738	-0.003381
2019.10.26 11:16:52.174	-0.002395	-0.001738	-0.001409	-0.003053	-0.003053	-0.002395	-0.000752	-0.002724
2019.10.26 11:16:53.174	-0.003381	-0.003053	-0.000423	-0.002067	-0.002724	-0.003710	-0.001409	-0.001738
2019.10.26 11:16:54.174	-0.003381	-0.002395	-0.001409	-0.002067	-0.003710	-0.002724	-0.001409	-0.001738
2019.10.26 11:16:55.174	-0.000752	-0.002724	-0.002724	-0.002395	-0.000752	-0.001738	-0.002724	-0.002724
2019.10.26 11:16:56.174	-0.002395	-0.004039	-0.002724	-0.001409	-0.001081	-0.003053	-0.003381	-0.001738
2019.10.26 11:16:57.174	-0.003053	-0.003053	-0.001738	-0.001409	-0.002395	-0.003053	-0.002395	-0.000752
2019.10.26 11:16:58.174	-0.003710	-0.002724	-0.001409	-0.002067	-0.003710	-0.003053	-0.001409	-0.001738
2019.10.26 11:16:59.174	-0.003053	-0.003710	-0.001409	-0.001081	-0.002395	-0.002067	-0.002395	-0.001081
2019.10.26 11:17:00.174	-0.003381	-0.002724	-0.000423	-0.002067	-0.003381	-0.003381	-0.001409	-0.001738
2019.10.26 11:17:01.174	-0.001081	-0.002395	-0.002724	-0.002395	-0.000752	-0.001738	-0.002395	-0.002395
2019.10.26 11:17:02.174	-0.002724	-0.003053	-0.003053	-0.000095	-0.002067	-0.002724	-0.003381	-0.000752
2019.10.26 11:17:03.174	-0.003381	-0.003710	-0.001738	-0.001738	-0.002724	-0.003381	-0.001409	-0.001081
2019.10.26 11:17:04.174	-0.001409	-0.003053	-0.003053	-0.001738	-0.001409	-0.002395	-0.003053	-0.002724
2019.10.26 11:17:05.174	0.000234	-0.001738	-0.002395	-0.003381	-0.001738	-0.001409	-0.002724	-0.003710
2019.10.26 11:17:06.174	-0.003381	-0.002395	-0.001081	-0.002395	-0.003381	-0.003381	-0.001409	-0.002067
2019.10.26 11:17:07.174	-0.001081	-0.002067	-0.002395	-0.003381	-0.002724	-0.001081	-0.002724	-0.003381
2019.10.26 11:17:08.174	-0.001738	-0.000752	-0.002395	-0.002395	-0.001738	-0.000752	-0.001738	-0.003053
2019.10.26 11:17:09.174	-0.003381	-0.002724	-0.000095	-0.002067	-0.003053	-0.003381	-0.001081	-0.001738
2019.10.26 11:17:10.174	-0.001409	-0.002067	-0.003381	-0.003053	-0.001409	-0.001409	-0.002724	-0.003381
2019.10.26 11:17:11.174	-0.003710	-0.003381	-0.000423	-0.001738	-0.002724	-0.003053	-0.001409	-0.001409
2019.10.26 11:17:12.174	-0.002395	-0.003710	-0.003053	-0.001409	-0.002395	-0.003053	-0.003710	-0.001409
2019.10.26 11:17:13.174	-0.003381	-0.003053	-0.000423	-0.001738	-0.003053	-0.003381	-0.001409	-0.001738
2019.10.26 11:17:14.174	-0.002724	-0.003053	-0.001738	-0.000752	-0.003053	-0.003053	-0.002395	-0.000095
2019.10.26 11:17:15.174	-0.003381	-0.003381	-0.000752	-0.001738	-0.003053	-0.003381	-0.002067	-0.001409
2019.10.26 11:17:16.174	-0.003710	-0.002724	-0.000095	-0.002067	-0.003053	-0.003053	-0.000752	-0.001738
2019.10.26 11:17:17.174	-0.001081	-0.002067	-0.003710	-0.003381	-0.001409	-0.001409	-0.003381	-0.003381
2019.10.26 11:17:18.174	-0.001081	-0.002067	-0.003053	-0.002395	-0.001081	-0.001738	-0.002724	-0.002724
2019.10.26 11:17:19.174	-0.001409	-0.001409	-0.003053	-0.003381	-0.001738	-0.001081	-0.002395	-0.002724
2019.10.26 11:17:20.174	-0.002395	-0.000752	-0.002395	-0.003381	-0.002395	-0.000095	-0.002067	-0.003053
2019.10.26 11:17:21.174	-0.003053	-0.002067	-0.001081	-0.003053	-0.003381	-0.002395	-0.000095	-0.002395
2019.10.26 11:17:22.174	-0.001409	-0.001738	-0.003053	-0.003381	-0.001738	-0.001409	-0.003053	-0.003053
2019.10.26 11:17:23.174	-0.001738	-0.002724	-0.003381	-0.002724	-0.001081	-0.002067	-0.003381	-0.003381
2019.10.26 11:17:24.174	-0.001738	-0.003381	-0.003053	-0.001081	-0.001738	-0.002724	-0.003381	-0.002067
2019.10.26 11:17:25.174	-0.002724	-0.000752	-0.002724	-0.003381	-0.002724	-0.000095	-0.002067	-0.003053
2019.10.26 11:17:26.174	-0.002724	-0.003710	-0.002395	-0.001738	-0.002395	-0.003381	-0.003053	-0.001409
2019.10.26 11:17:27.174	-0.001409	-0.002724	-0.002724	-0.001409	-0.001081	-0.002724	-0.002724	-0.002067
2019.10.26 11:17:28.174	-0.001738	-0.001081	-0.002724	-0.002724	-0.002067	-0.001081	-0.001738	-0.003381
2019.10.26 11:17:29.174	-0.001081	-0.002395	-0.002724	-0.002067	-0.000752	-0.002724	-0.003053	-0.002724
2019.10.26 11:17:30.174	-0.001409	-0.002067	-0.003710	-0.003710	-0.001409	-0.001738	-0.003381	-0.002724
2019.10.26 11:17:31.174	-0.001738	-0.000752	-0.002724	-0.003053	-0.003053	-0.000095	-0.002395	-0.003053
2019.10.26 11:17:32.174	-0.001409	-0.002724	-0.003381	-0.001409	-0.001409	-0.002724	-0.003053	-0.002724
2019.10.26 11:17:33.174	-0.003381	-0.002395	-0.000423	-0.002067	-0.002724	-0.002724	-0.000095	-0.002067
2019.10.26 11:17:34.174	-0.002067	-0.002724	-0.002395	-0.001738	-0.001081	-0.002724	-0.002724	-0.001738
2019.10.26 11:17:35.174	-0.002067	-0.000752	-0.002067	-0.002724	-0.002395	-0.001409	-0.002067	-0.003053
2019.10.26 11:17:36.174	-0.001409	-0.003053	-0.003053	-0.001738	-0.000752	-0.002724	-0.003053	-0.002067
2019.10.26 11:17:37.174	-0.001081	-0.001409	-0.002395	-0.003053	-0.002067	-0.001081	-0.002724	-0.003053
2019.10.26 11:17:38.174	-0.002395	-0.001081	-0.001738	-0.003053	-0.003053	-0.001081	-0.001081	-0.002724
2019.10.26 11:17:39.174	-0.003053	-0.002395	-0.001409	-0.002067	-0.003053	-0.002724	-0.001738	-0.001081
2019.10.26 11:17:40.174	-0.003053	-0.002724	-0.000095	-0.002067	-0.003381	-0.003053	-0.000752	-0.001738
2019.10.26 11:17:41.174	-0.000752	-0.002395	-0.003053	-0.002067	-0.001081	-0.001409	-0.002724	-0.002724
2019.10.26 11:17:42.174	0.000234	-0.002067	-0.002724	-0.003381	-0.002067	-0.001738	-0.002724	-0.003710
2019.10.26 11:17:43.174	-0.003381	-0.002724	-0.001409	-0.001738	-0.003381	-0.003053	-0.001738	-0.001081
2019.10.26 11:17:44.174	-0.003381	-0.002395	-0.000752	-0.002724	-0.003381	-0.003053	-0.000423	-0.002067
2019.10.26 11:17:45.174	-0.003053	-0.000752	-0.001409	-0.003053	-0.003053	-0.001409	-0.001409	-0.002395
2019.10.26 11:17:46.174	-0.003381	-0.003053	-0.000423	-0.002395	-0.003381	-0.003710	-0.002067	-0.001409
2019.10.26 11:17:47.174	-0.003053	-0.003053	-0.002067	-0.000423	-0.002724	-0.003053	-0.002724	-0.000095
2019.10.26 11:17:48.174	-0.002395	-0.002395	-0.002067	-0.000752	-0.002067	-0.002724	-0.002395	-0.001409
2019.10.26 11:17:49.174	-0.002395	-0.000752	-0.001738	-0.002395	-0.003053	-0.001081	-0.001409	-0.003053
2019.10.26 11:17:50.174	-0.002067	-0.002724	-0.002067	-0.001081	-0.001738	-0.003053	-0.002724	-0.001409
2019.10.26 11:17:51.174	-0.003053	-0.003053	-0.001738	-0.001409	-0.002724	-0.002395	-0.002067	-0.001081
2019.10.26 11:17:52.174	0.000563	-0.001738	-0.003053	-0.003053	-0.000752	-0.001409	-0.003053	-0.003381
2019.10.26 11:17:53.174	-0.002395	-0.002724	-0.002067	-0.001081	-0.001738	-0.002724	-0.002395	-0.001738
2019.10.26 11:17:54.174	-0.001738	-0.002724	-0.002395	-0.001081	-0.001738	-0.002724	-0.002724	-0.001738
2019.10.26 11:17:55.174	-0.002067	-0.003381	-0.003381	-0.002067	-0.002067	-0.002067	-0.003710	-0.002724
2019.10.26 11:17:56.174	-0.003053	-0.003381	-0.001738	-0.001081	-0.002395	-0.002724	-0.002067	-0.001409
2019.10.26 11:17:57.174	-0.000752	-0.002724	-0.003053	-0.002395	-0.000095	-0.002395	-0.002724	-0.003381
2019.10.26 11:17:58.174	-0.003053	-0.002395	-0.001409	-0.001409	-0.002724	-0.003053	-0.002067	-0.000423
2019.10.26 11:17:59.174	-0.002395	-0.002724	-0.002395	-0.001409	-0.001738	-0.003053	-0.002395	-0.001081
2019.10.26 11:18:00.174	-0.001738	-0.003053	-0.003381	-0.001409	-0.001081	-0.002724	-0.003053	-0.002395
2019.10.26 11:18:01.174	-0.003053	-0.001738	-0.001409	-0.003381	-0.003710	-0.002067	-0.001081	-0.002067
2019.10.26 11:18:02.174	-0.003053	-0.000095	-0.002067	-0.003053	-0.003381	-0.001081	-0.001409	-0.003053
2019.10.26 11:18:03.174	-0.003053	-0.003710	-0.002067	-0.000423	-0.002067	-0.003381	-0.003053	-0.000423
2019.10.26 11:18:04.174	-0.001081	-0.003053	-0.002724	-0.001738	-0.000752	-0.002067	-0.003053	-0.002067
2019.10.26 11:18:05.174	0.000234	-0.002067	-0.003053	-0.003710	-0.001409	-0.001738	-0.003053	-0.003710
2019.10.26 11:18:06.174	-0.002724	-0.001738	-0.000752	-0.002067	-0.003053	-0.002395	-0.001081	-0.001409
2019.10.26 11:18:07.174	-0.003710	-0.003053	-0.001409	-0.001409	-0.003381	-0.003053	-0.001738	-0.001409
2019.10.26 11:18:08.174	-0.000752	-0.002395	-0.003381	-0.002395	0.000234	-0.002724	-0.003381	-0.003053
2019.10.26 11:18:09.174	-0.003053	-0.001738	-0.001081	-0.001738	-0.002724	-0.002395	-0.001081	-0.001409
2019.10.26 11:18:10.174	-0.003053	-0.002067	-0.000423	-0.002067	-0.003381	-0.002395	-0.000095	-0.002395
2019.10.26 11:18:11.174	-0.001081	-0.001738	-0.002724	-0.002395	-0.001409	-0.001081	-0.003053	-0.003053
2019.10.26 11:18:12.174	-0.001081	-0.002395	-0.003053	-0.002067	-0.001081	-0.001409	-0.003053	-0.002395
2019.10.26 11:18:13.174	-0.003381	-0.003381	-0.001409	-0.001409	-0.003053	-0.002724	-0.002067	-0.000752
2019.10.26 11:18:14.174	-0.002395	-0.003381	-0.003053	-0.001409	-0.001738	-0.003053	-0.003053	-0.001409
2019.10.26 11:18:15.174	-0.001081	-0.001738	-0.003053	-0.002724	-0.001409	-0.001409	-0.003053	-0.003053
2019.10.26 11:18:16.174	-0.002724	-0.002724	-0.001738	-0.001081	-0.002067	-0.002724	-0.002067	-0.001081
2019.10.26 11:18:17.174	-0.000095	-0.002067	-0.003053	-0.003381	-0.001081	-0.001738	-0.003053	-0.003710
2019.10.26 11:18:18.174	-0.002067	-0.001409	-0.002395	-0.003710	-0.003053	-0.001738	-0.001738	-0.003053
2019.10.26 11:18:19.174	-0.003710	-0.002724	-0.001738	-0.001409	-0.002724	-0.003053	-0.001738	-0.001081
2019.10.26 11:18:20.174	-0.002395	-0.003381	-0.002724	-0.000095	-0.002067	-0.003381	-0.002724	-0.001081
2019.10.26 11:18:21.174	-0.002724	-0.001409	-0.001409	-0.002724	-0.003053	-0.001738	-0.001081	-0.003053
2019.10.26 11:18:22.174	-0.001738	-0.001409	-0.002724	-0.003053	-0.001738	-0.001081	-0.002724	-0.002395
2019.10.26 11:18:23.174	-0.001738	-0.000752	-0.002724	-0.003053	-0.002395	-0.000752	-0.002067	-0.003381
2019.10.26 11:18:24.174	-0.001409	-0.003053	-0.003053	-0.001738	-0.000752	-0.002724	-0.002724	-0.002067
2019.10.26 11:18:25.174	-0.001409	-0.001409	-0.003381	-0.003053	-0.001738	-0.001081	-0.002395	-0.002724
2019.10.26 11:18:26.174	-0.000423	-0.002395	-0.002724	-0.003053	-0.000095	-0.002395	-0.003053	-0.003381
2019.10.26 11:18:27.174	-0.002395	-0.002724	-0.002395	-0.000752	-0.001738	-0.003053	-0.002395	-0.001738
2019.10.26 11:18:28.174	-0.002395	-0.001409	-0.002067	-0.003710	-0.003053	-0.001409	-0.001738	-0.003381
2019.10.26 11:18:29.174	-0.003381	-0.002395	-0.001738	-0.001081	-0.003381	-0.003053	-0.002067	-0.000095
2019.10.26 11:18:30.174	-0.001409	-0.002067	-0.003381	-0.003381	-0.001081	-0.001409	-0.002724	-0.003381
2019.10.26 11:18:31.174	-0.001081	-0.001738	-0.003053	-0.003381	-0.001738	-0.001081	-0.002724	-0.002724
2019.10.26 11:18:32.174	-0.001081	-0.002067	-0.003381	-0.003053	-0.001409	-0.001409	-0.003053	-0.003381
2019.10.26 11:18:33.174	-0.001409	-0.002067	-0.003710	-0.003053	-0.001409	-0.001738	-0.003053	-0.003710
2019.10.26 11:18:34.174	-0.001738	-0.003053	-0.003710	-0.001738	-0.001409	-0.002395	-0.003053	-0.002067
2019.10.26 11:18:35.174	-0.001409	-0.002395	-0.003710	-0.002724	-0.001409	-0.001738	-0.003053	-0.002395
2019.10.26 11:18:36.174	-0.002395	-0.000095	-0.002724	-0.003381	-0.003053	-0.000423	-0.001738	-0.003381
2019.10.26 11:18:37.174	-0.003381	-0.001409	-0.000752	-0.002724	-0.002724	-0.001738	-0.000752	-0.002067
2019.10.26 11:18:38.174	-0.002395	-0.003053	-0.003381	-0.001081	-0.001738	-0.003053	-0.003710	-0.001738
2019.10.26 11:18:39.174	-0.003381	-0.001738	-0.001081	-0.002724	-0.002724	-0.001738	-0.001081	-0.002395
2019.10.26 11:18:40.174	-0.003053	-0.000095	-0.002067	-0.003053	-0.003053	-0.001409	-0.002067	-0.002724
2019.10.26 11:18:41.174	-0.000752	-0.002067	-0.003053	-0.003710	-0.002395	-0.001738	-0.002067	-0.004039
2019.10.26 11:18:42.174	-0.002724	-0.003053	-0.002067	-0.001081	-0.001738	-0.002395	-0.002724	-0.001738
2019.10.26 11:18:43.174	-0.003381	-0.001409	-0.000752	-0.002724	-0.002724	-0.001738	-0.000752	-0.002724
2019.10.26 11:18:44.174	-0.000752	-0.002067	-0.002724	-0.002724	-0.002067	-0.001409	-0.002395	-0.003710
2019.10.26 11:18:45.174	-0.003381	-0.003381	-0.001081	-0.001738	-0.003053	-0.003053	-0.002395	-0.001081
2019.10.26 11:18:46.174	-0.003053	-0.000095	-0.002067	-0.003053	-0.003381	-0.000752	-0.001738	-0.002395
2019.10.26 11:18:47.174	-0.002395	-0.001409	-0.002067	-0.003381	-0.003053	-0.001738	-0.001409	-0.003053
2019.10.26 11:18:48.174	-0.002724	-0.003053	-0.002067	-0.001081	-0.002395	-0.003710	-0.002724	-0.000095
2019.10.26 11:18:49.174	-0.000752	-0.002724	-0.003053	-0.002395	-0.000095	-0.002395	-0.003053	-0.003053
2019.10.26 11:18:50.174	-0.003053	-0.003053	-0.002395	-0.000423	-0.002395	-0.003381	-0.003053	-0.000095
2019.10.26 11:18:51.174	-0.003053	-0.003381	-0.001081	-0.001738	-0.002724	-0.003381	-0.002067	-0.001409
2019.10.26 11:18:52.174	-0.003381	-0.003381	-0.001409	-0.001409	-0.003053	-0.003053	-0.002067	-0.001081
2019.10.26 11:18:53.174	-0.002724	-0.003053	-0.002724	-0.000423	-0.002067	-0.003053	-0.003053	-0.000752
2019.10.26 11:18:54.174	-0.003710	-0.002395	-0.000423	-0.002395	-0.003381	-0.002724	-0.000423	-0.001738
2019.10.26 11:18:55.174	-0.001409	-0.001409	-0.002724	-0.003053	-0.001738	-0.001081	-0.002395	-0.003053
2019.10.26 11:18:56.174	-0.001081	-0.003381	-0.003053	-0.002067	-0.000423	-0.002067	-0.003053	-0.002724
2019.10.26 11:18:57.174	-0.003053	-0.003381	-0.001409	-0.001081	-0.002724	-0.002395	-0.001409	-0.001081
2019.10.26 11:18:58.174	-0.002067	-0.003053	-0.003381	-0.001738	-0.001409	-0.002395	-0.003381	-0.002724
2019.10.26 11:18:59.174	-0.002724	-0.002724	-0.002395	-0.000095	-0.002395	-0.003381	-0.002724	-0.001081
2019.10.26 11:19:00.174	-0.001409	-0.003381	-0.003381	-0.002067	-0.001081	-0.002395	-0.003053	-0.002067
2019.10.26 11:19:01.174	-0.002724	-0.003381	-0.002395	-0.001081	-0.002724	-0.003381	-0.002724	0.000563
2019.10.26 11:19:02.174	-0.002395	-0.003381	-0.003053	-0.002067	-0.001081	-0.003053	-0.003053	-0.002067
2019.10.26 11:19:03.174	-0.003053	-0.003053	-0.001409	-0.001081	-0.002067	-0.003053	-0.001738	-0.000752
2019.10.26 11:19:04.174	-0.002395	-0.000752	-0.002724	-0.003053	-0.002724	-0.000095	-0.002395	-0.003381
2019.10.26 11:19:05.174	-0.002724	-0.002067	-0.000095	-0.002067	-0.003381	-0.003381	-0.000752	-0.002067
2019.10.26 11:19:06.174	-0.003381	-0.001738	-0.001409	-0.002067	-0.003710	-0.003381	-0.001409	-0.002067
2019.10.26 11:19:07.174	-0.002067	-0.002724	-0.002067	-0.000752	-0.001738	-0.002724	-0.003053	-0.001409
2019.10.26 11:19:08.174	-0.002067	-0.002395	-0.003710	-0.001738	-0.001081	-0.002395	-0.003381	-0.002395
2019.10.26 11:19:09.174	-0.002395	-0.003381	-0.003053	-0.001409	-0.001738	-0.003381	-0.003381	-0.001409
2019.10.26 11:19:10.174	-0.003381	-0.002724	-0.000095	-0.002395	-0.003053	-0.003053	-0.000423	-0.002067
2019.10.26 11:19:11.174	-0.001081	-0.002724	-0.002724	-0.002067	-0.000752	-0.002724	-0.002724	-0.002724
2019.10.26 11:19:12.174	-0.002067	-0.003710	-0.003381	-0.001409	-0.001409	-0.002724	-0.003053	-0.001738
2019.10.26 11:19:13.174	-0.001738	-0.002067	-0.003710	-0.003053	-0.001409	-0.001738	-0.003381	-0.003381
2019.10.26 11:19:14.174	-0.002395	-0.003710	-0.003053	-0.001409	-0.001409	-0.002724	-0.003381	-0.001738
2019.10.26 11:19:15.174	-0.001738	-0.001409	-0.002724	-0.003381	-0.002395	-0.000095	-0.002724	-0.003381
2019.10.26 11:19:16.174	-0.000752	-0.001738	-0.003053	-0.003381	-0.001081	-0.001738	-0.003053	-0.003053
2019.10.26 11:19:17.174	-0.003053	-0.003053	-0.001081	-0.001409	-0.003053	-0.003053	-0.001738	-0.001081
2019.10.26 11:19:18.174	-0.003381	-0.002724	-0.000423	-0.001738	-0.003053	-0.003053	-0.000752	-0.001738
2019.10.26 11:19:19.174	-0.003053	-0.003381	-0.001409	-0.001409	-0.002724	-0.003053	-0.002395	-0.000095
2019.10.26 11:19:20.174	-0.002067	-0.003381	-0.003053	-0.000752	-0.001409	-0.002724	-0.003381	-0.002067
2019.10.26 11:19:21.174	-0.002724	-0.003710	-0.002067	-0.001409	-0.002395	-0.003710	-0.002724	-0.001409
2019.10.26 11:19:22.174	-0.001409	-0.002724	-0.003053	-0.001738	-0.000752	-0.002395	-0.002395	-0.002067
2019.10.26 11:19:23.174	-0.003381	-0.000752	-0.001738	-0.003053	-0.003710	-0.002067	-0.001081	-0.002395
2019.10.26 11:19:24.174	-0.003381	-0.002724	-0.001409	-0.000752	-0.003053	-0.003053	-0.002067	-0.000752
2019.10.26 11:19:25.174	-0.003053	-0.002724	-0.001738	-0.001081	-0.002724	-0.003053	-0.002724	-0.000423
2019.10.26 11:19:26.174	-0.003381	-0.001081	-0.000752	-0.002724	-0.003381	-0.001738	-0.001081	-0.002067
2019.10.26 11:19:27.174	-0.001738	-0.001081	-0.002724	-0.002724	-0.001738	-0.001081	-0.002067	-0.002395
2019.10.26 11:19:28.174	-0.003053	-0.003710	-0.001409	-0.001738	-0.002395	-0.003710	-0.002395	-0.001409
2019.10.26 11:19:29.174	-0.003053	-0.002395	-0.001738	-0.001409	-0.002395	-0.003053	-0.002395	-0.001081
2019.10.26 11:19:30.174	-0.003053	-0.001409	-0.001081	-0.002724	-0.003053	-0.002395	-0.000095	-0.002724
2019.10.26 11:19:31.174	-0.002724	-0.001738	-0.000752	-0.002724	-0.003381	-0.002395	-0.000095	-0.001738
2019.10.26 11:19:32.174	-0.003053	-0.004039	-0.001738	-0.001409	-0.002724	-0.002724	-0.002067	-0.001081
2019.10.26 11:19:33.174	-0.001738	-0.001409	-0.002724	-0.003053	-0.002724	-0.000423	-0.002395	-0.003053
2019.10.26 11:19:34.174	-0.003710	-0.003053	-0.001409	-0.001738	-0.003053	-0.003381	-0.001409	-0.001081
2019.10.26 11:19:35.174	-0.003710	-0.003053	-0.000095	-0.002395	-0.003053	-0.003381	-0.001409	-0.001409
2019.10.26 11:19:36.174	-0.003053	-0.002395	-0.001409	-0.001409	-0.002724	-0.002395	-0.002067	-0.001081
2019.10.26 11:19:37.174	-0.002067	-0.001409	-0.002067	-0.003053	-0.003053	-0.001081	-0.001409	-0.003053
2019.10.26 11:19:38.174	-0.001738	-0.000752	-0.002724	-0.003053	-0.001738	-0.001081	-0.002395	-0.003053
2019.10.26 11:19:39.174	-0.003381	-0.001738	-0.001409	-0.001738	-0.003053	-0.002067	-0.001081	-0.002067
2019.10.26 11:19:40.174	-0.000752	-0.002395	-0.003381	-0.002395	-0.000095	-0.002067	-0.003053	-0.003053
2019.10.26 11:19:41.174	-0.002724	0.000234	-0.002067	-0.003053	-0.003053	-0.000423	-0.001409	-0.002724
2019.10.26 11:19:42.174	-0.003381	-0.003053	-0.001409	-0.001409	-0.003381	-0.003053	-0.001738	-0.001081
2019.10.26 11:19:43.174	-0.001738	-0.001409	-0.003053	-0.002724	-0.001738	-0.001081	-0.002067	-0.002395
2019.10.26 11:19:44.174	-0.002395	0.000234	-0.002067	-0.003053	-0.003053	-0.000752	-0.002395	-0.003053
2019.10.26 11:19:45.174	-0.001738	-0.003053	-0.004039	-0.002067	-0.001738	-0.002724	-0.004039	-0.003053
2019.10.26 11:19:46.174	-0.003381	-0.002724	-0.001409	-0.001409	-0.002395	-0.002395	-0.002395	-0.001409
2019.10.26 11:19:47.174	-0.000095	-0.001738	-0.002724	-0.003381	-0.001409	-0.001409	-0.002395	-0.003710
2019.10.26 11:19:48.174	-0.003710	-0.003053	-0.001081	-0.001738	-0.003053	-0.003053	-0.001081	-0.001081
2019.10.26 11:19:49.174	-0.002067	-0.002724	-0.003381	-0.001738	-0.001409	-0.002724	-0.003710	-0.002724
2019.10.26 11:19:50.174	-0.000095	-0.002724	-0.003053	-0.002724	0.000563	-0.002395	-0.003053	-0.003381
2019.10.26 11:19:51.174	-0.000752	-0.002067	-0.003381	-0.002067	-0.001409	-0.001738	-0.002724	-0.002724
2019.10.26 11:19:52.174	-0.003053	-0.002724	-0.001738	-0.001081	-0.002724	-0.003053	-0.002395	-0.000423
2019.10.26 11:19:53.174	-0.003381	-0.002724	-0.001738	-0.001738	-0.003710	-0.003381	-0.001081	-0.001738
2019.10.26 11:19:54.174	-0.002724	-0.002724	-0.002067	