Scaling equations	6.5005*x-6.2775	6.3958*x-6.2302	6.4602*x-6.1928	6.5020*x-6.2666	6.4260*x-6.1741	6.4277*x-6.2111	x	x
Timestamp	Analog channel 0	Analog channel 1	Analog channel 2	Analog channel 3	Analog channel 4	Analog channel 5	Analog channel 6	Analog channel 7
2019.10.29 17:07:44.382	0.000563	0.000563	0.000563	0.000234	0.000563	0.000563	0.000563	0.943177
2019.10.29 17:07:45.382	-0.000095	-0.000095	0.000234	0.000563	0.000563	0.000563	0.000234	0.942849
2019.10.29 17:07:46.382	-0.000095	0.000234	-0.000095	0.000234	0.000563	0.000891	0.000563	0.941205
2019.10.29 17:07:47.382	0.000563	0.000563	0.000563	0.000234	-0.000095	0.000234	-0.000095	0.943177
2019.10.29 17:07:48.382	0.000234	0.000563	0.000563	0.000563	0.000234	0.000563	0.000563	0.941863
2019.10.29 17:07:49.382	0.000563	0.000563	0.000563	0.000234	0.000563	0.000563	0.000563	0.940877
2019.10.29 17:07:50.382	0.000563	0.000234	0.000563	0.000234	0.000234	0.000563	0.000563	0.941534
2019.10.29 17:07:51.382	0.000563	0.000563	0.000563	0.000563	0.000234	0.000563	0.000563	0.943506
2019.10.29 17:07:52.382	0.000563	0.000563	0.000234	0.000563	0.000563	0.000563	0.000234	0.940219
2019.10.29 17:07:53.382	0.000563	0.000234	0.000563	0.000563	-0.000095	0.000234	0.000563	0.943835
2019.10.29 17:07:54.382	0.000563	0.000563	0.000563	0.000563	0.000563	0.000563	0.000234	0.942520
2019.10.29 17:07:55.382	0.000891	0.000563	0.000563	-0.000095	0.000563	0.000563	0.000563	0.945149
2019.10.29 17:07:56.382	0.000563	0.000234	0.000234	0.000563	0.000234	0.000563	0.000563	0.940548
2019.10.29 17:07:57.382	0.000563	0.000563	0.000563	0.000563	0.000234	0.000563	0.000891	0.940877
2019.10.29 17:07:58.382	-0.000095	0.000234	0.000563	-0.000095	0.000563	0.000234	0.000234	0.942849
2019.10.29 17:07:59.382	-0.000423	0.000891	0.000563	0.000234	0.000563	0.000563	0.000563	0.943506
2019.10.29 17:08:00.382	0.000563	0.000563	0.000234	0.000563	0.000234	0.000234	0.000563	0.941534
2019.10.29 17:08:01.382	0.000563	0.000563	0.000234	0.000563	0.000563	0.000563	0.000563	0.945149
2019.10.29 17:08:02.382	0.000563	0.000563	0.000563	0.000234	0.000234	0.000563	0.000563	0.945149
2019.10.29 17:08:03.382	0.000891	0.000563	0.000891	0.000563	0.000563	0.000563	0.000563	0.943506
2019.10.29 17:08:04.382	-0.000095	0.000563	0.000234	0.000234	0.000563	0.000563	0.000563	0.942520
2019.10.29 17:08:05.382	0.000563	0.000234	0.000234	0.000234	0.000563	0.000563	0.000234	0.944163
2019.10.29 17:08:06.382	0.000563	0.000234	0.000563	0.000563	-0.000095	0.000234	0.000891	0.946464
2019.10.29 17:08:07.382	0.000234	0.000563	0.000891	0.000234	0.000563	0.000234	0.000563	0.943506
2019.10.29 17:08:08.382	0.000234	0.000563	0.000891	0.000563	0.000563	0.000563	0.000563	0.943506
2019.10.29 17:08:09.382	-0.000095	0.000234	0.000234	0.000234	0.000234	0.000563	0.000891	0.942191
2019.10.29 17:08:10.382	0.000234	0.000563	0.000563	0.000563	0.000563	0.000891	0.000563	0.941863
2019.10.29 17:08:11.382	0.000234	0.000563	0.000234	0.000563	0.000563	0.000234	0.000891	0.943177
2019.10.29 17:08:12.382	0.000234	0.000891	-0.000423	0.000234	0.000563	0.000234	0.000234	0.941863
2019.10.29 17:08:13.382	0.000563	0.000891	0.000891	0.000563	0.000563	0.000563	0.000563	0.943506
2019.10.29 17:08:14.382	0.000234	-0.000095	0.000563	0.000563	0.000234	0.000234	-0.000095	0.940548
2019.10.29 17:08:15.382	0.000234	0.000563	0.000563	0.000563	0.000563	0.000891	0.000234	0.943177
2019.10.29 17:08:16.382	0.000563	0.000563	0.000563	0.000891	0.000891	0.000234	0.000234	0.939233
2019.10.29 17:08:17.382	0.000563	0.000563	0.000563	0.000563	0.000234	0.000234	0.000891	0.943835
2019.10.29 17:08:18.382	0.000234	0.000891	0.000563	0.000234	0.000234	0.000234	0.000891	0.939233
2019.10.29 17:08:19.382	0.000563	0.000234	0.000563	0.000234	0.000563	0.000234	0.000563	0.948107
2019.10.29 17:08:20.382	0.000234	0.000234	0.000563	0.000234	0.000563	0.000563	0.000563	0.943835
2019.10.29 17:08:21.382	0.000234	0.000234	0.000563	-0.000095	0.000891	0.000234	-0.000095	0.941534
2019.10.29 17:08:22.382	0.000563	0.000563	0.000234	0.000563	0.000563	0.000563	0.000563	0.946793
2019.10.29 17:08:23.382	0.000563	0.000234	0.000563	0.000234	0.000563	0.000563	0.000234	0.943177
2019.10.29 17:08:24.382	-0.000095	0.000234	0.000234	0.000563	0.000891	0.000563	0.000563	0.944163
2019.10.29 17:08:25.382	0.000234	0.000234	0.000563	0.000891	0.000234	0.000234	0.000563	0.945478
2019.10.29 17:08:26.382	-0.000095	0.000234	0.000563	0.000234	0.000563	-0.000095	0.000563	0.941205
2019.10.29 17:08:27.382	0.000563	0.000563	0.000891	0.000563	0.000234	0.000234	0.000234	0.941205
2019.10.29 17:08:28.382	0.000234	0.000563	0.000563	0.000563	0.000234	0.000234	0.000234	0.943835
2019.10.29 17:08:29.382	0.000563	0.000563	0.000234	0.000563	0.000234	0.000234	0.000563	0.947121
2019.10.29 17:08:30.382	0.000234	0.000563	0.000234	0.000563	0.000234	0.000234	0.000234	0.946135
2019.10.29 17:08:31.382	0.000234	0.000563	0.000563	0.000891	0.000234	0.000891	0.000563	0.944163
2019.10.29 17:08:32.382	-0.000095	0.000563	0.000563	0.000234	0.000234	0.000563	0.000891	0.941534
2019.10.29 17:08:33.382	0.000234	0.000563	0.000563	0.000234	0.000563	0.000563	0.000563	0.942849
2019.10.29 17:08:34.382	0.000563	0.000234	0.000563	0.000563	0.000234	-0.000095	0.000563	0.943177
2019.10.29 17:08:35.382	0.000563	0.000563	0.000563	0.000563	0.000563	0.000891	0.000234	0.944821
2019.10.29 17:08:36.382	0.000234	0.000563	0.000563	0.000563	0.000563	0.000563	0.000891	0.937919
2019.10.29 17:08:37.382	0.000563	0.000563	0.000234	0.000891	0.000563	0.000563	0.000234	0.941205
2019.10.29 17:08:38.382	0.000563	0.000563	0.000563	0.000234	0.000563	0.000563	0.000563	0.943835
2019.10.29 17:08:39.382	0.000234	0.000563	0.000563	0.000563	0.000563	0.000234	-0.000095	0.942191
2019.10.29 17:08:40.382	0.000563	0.000234	0.000234	0.000563	0.000891	0.000563	-0.000095	0.939891
2019.10.29 17:08:41.382	0.000563	0.000563	0.000234	0.000891	0.000891	0.000563	0.000563	0.941863
2019.10.29 17:08:42.382	0.000234	0.000563	0.000891	0.000563	0.000234	0.000563	0.000234	0.943506
2019.10.29 17:08:43.382	0.000563	0.000563	0.000891	0.000891	-0.000095	0.000563	0.000234	0.940219
2019.10.29 17:08:44.382	0.000234	0.000563	0.000234	0.000234	0.000563	0.000563	0.000563	0.941863
2019.10.29 17:08:45.382	0.000563	0.000563	0.000891	0.000234	0.000563	0.000234	0.000563	0.943506
2019.10.29 17:08:46.382	0.000891	0.000234	0.000234	0.000563	0.000563	0.000563	0.000563	0.939562
2019.10.29 17:08:47.382	-0.000095	0.000234	0.000891	0.000234	0.000234	0.000563	0.000234	0.938247
2019.10.29 17:08:48.382	0.000234	0.000563	0.000563	0.000563	0.000563	0.000234	0.000891	0.943835
2019.10.29 17:08:49.382	0.000234	0.000891	0.000234	0.000234	0.000563	0.000234	0.000234	0.943506
2019.10.29 17:08:50.382	0.000563	0.000563	0.000563	0.000563	0.000563	0.000234	0.000234	0.943835
2019.10.29 17:08:51.382	0.000563	0.000563	0.000563	0.000234	0.000234	0.000563	0.000563	0.943835
2019.10.29 17:08:52.382	0.000891	0.000563	0.000563	0.000234	0.000563	0.000234	0.000234	0.941205
2019.10.29 17:08:53.382	0.000563	0.000563	0.000563	0.000234	0.000563	-0.000095	0.000563	0.943506
2019.10.29 17:08:54.382	0.000563	0.000234	0.000563	0.000234	0.000563	0.000563	0.000563	0.945807
2019.10.29 17:08:55.382	0.000234	0.000234	0.000563	0.000234	0.000234	0.000563	0.000234	0.938247
2019.10.29 17:08:56.382	0.000234	0.000563	0.000234	0.000563	0.000563	0.000563	0.000563	0.940219
2019.10.29 17:08:57.382	0.000563	-0.000423	0.000234	0.000891	0.000563	0.000563	0.000563	0.940548
2019.10.29 17:08:58.382	0.000234	0.000563	0.000234	0.000234	0.000563	0.000563	-0.000095	0.941534
2019.10.29 17:08:59.382	0.000563	0.000234	0.000563	0.000891	0.000563	0.000234	0.000563	0.947121
2019.10.29 17:09:00.382	0.000234	0.000234	0.000234	0.000563	0.000563	0.000234	0.000234	0.939562
2019.10.29 17:09:01.382	0.000563	0.000234	0.000234	0.000891	0.000891	0.000891	0.000563	0.941534
2019.10.29 17:09:02.382	0.000563	0.000563	0.000563	0.000563	0.000563	0.000563	0.000563	0.939233
2019.10.29 17:09:03.382	0.000563	0.000234	0.000563	0.000563	0.000234	0.000234	0.000563	0.941534
2019.10.29 17:09:04.382	0.000563	0.000563	0.000563	0.000234	0.000234	0.000563	0.000563	0.945478
2019.10.29 17:09:05.382	-0.000095	0.000563	0.000234	0.000234	0.000563	0.000891	0.000234	0.941534
2019.10.29 17:09:06.382	0.000891	0.000234	0.000234	0.000891	0.000234	0.000234	0.000234	0.942849
2019.10.29 17:09:07.382	0.000563	0.000563	0.000563	0.000234	-0.000095	0.000563	0.000234	0.945149
2019.10.29 17:09:08.382	0.000234	0.000234	0.000234	0.000563	0.000891	0.000563	0.000891	0.938247
2019.10.29 17:09:09.382	0.000891	0.000563	0.000563	0.000563	0.000234	0.000563	0.000563	0.943835
2019.10.29 17:09:10.382	0.000563	0.000563	0.000563	0.000563	0.000563	0.000563	0.000563	0.944163
2019.10.29 17:09:11.382	0.000563	0.000563	0.000563	0.000563	0.000563	0.000563	0.000563	0.941534
2019.10.29 17:09:12.382	0.000563	0.000563	0.000563	0.000563	0.000563	0.000234	0.000234	0.943835
2019.10.29 17:09:13.382	0.000563	0.000563	0.000234	0.000234	0.000234	0.000891	0.000563	0.944821
2019.10.29 17:09:14.382	0.000234	0.000234	0.000234	0.000234	0.000563	0.000234	0.000563	0.937261
2019.10.29 17:09:15.382	0.000563	0.000234	0.000563	0.000563	0.000234	0.000234	0.000563	0.939891
2019.10.29 17:09:16.382	0.000563	0.000563	0.000234	0.000563	-0.000095	0.000563	0.000563	0.945149
2019.10.29 17:09:17.382	0.000234	0.000234	0.000563	0.000563	0.000234	0.000563	0.000563	0.939891
2019.10.29 17:09:18.382	0.000563	0.000563	0.000563	0.000563	0.000563	0.000234	0.000234	0.943506
2019.10.29 17:09:19.382	0.000563	0.000234	0.000234	0.000563	0.000891	0.000234	-0.000095	0.943177
2019.10.29 17:09:20.382	0.000234	0.000563	-0.000095	0.000563	0.000891	0.000563	0.000563	0.942520
2019.10.29 17:09:21.382	0.000563	0.000234	0.000563	0.000563	0.000563	0.000563	0.000563	0.944163
2019.10.29 17:09:22.382	0.000563	0.000234	0.000563	0.000563	0.000563	0.000563	0.000563	0.942849
2019.10.29 17:09:23.382	0.000563	0.000891	0.000563	0.000234	0.000563	0.000234	0.000234	0.941205
2019.10.29 17:09:24.382	0.000234	0.000891	0.000563	0.000563	0.000234	0.000891	0.000891	0.947779
2019.10.29 17:09:25.382	0.000234	0.000234	0.000563	0.000563	0.000234	0.000563	0.000563	0.935947
2019.10.29 17:09:26.382	0.000563	0.000563	0.000234	0.000234	0.000563	0.000563	0.000563	0.945478
2019.10.29 17:09:27.382	0.000234	0.000563	0.000234	0.000563	0.000234	0.000234	0.000563	0.945149
2019.10.29 17:09:28.382	0.000891	-0.000095	0.000563	0.000234	0.000234	0.000563	0.000891	0.940548
2019.10.29 17:09:29.382	-0.000095	0.000563	0.000234	0.000563	0.000563	0.000563	0.000563	0.941534
2019.10.29 17:09:30.382	0.000563	0.000234	0.000563	0.000563	0.000563	0.000563	0.000563	0.941205
2019.10.29 17:09:31.382	0.000563	0.000563	0.000563	0.000563	0.000234	0.000891	0.000234	0.943506
2019.10.29 17:09:32.382	0.000563	0.000563	0.000891	0.000234	0.000234	0.000234	0.000563	0.941863
2019.10.29 17:09:33.382	0.000234	0.000234	0.000563	0.000234	0.000563	0.000563	0.000563	0.942191
2019.10.29 17:09:34.382	0.000563	0.000563	0.000563	0.000563	0.000891	0.000563	0.000891	0.941863
2019.10.29 17:09:35.382	0.000234	0.000563	0.000891	0.000563	0.000891	0.000563	0.000563	0.939233
2019.10.29 17:09:36.382	0.000563	0.000234	0.000891	0.000563	0.000891	0.000234	0.000563	0.939233
2019.10.29 17:09:37.382	0.000563	0.000563	0.000563	0.000563	0.000234	-0.000095	0.000563	0.938905
2019.10.29 17:09:38.382	0.000234	0.000563	0.000234	0.000563	0.000563	0.000563	0.000563	0.942849
2019.10.29 17:09:39.382	0.000234	0.000563	0.000563	0.000563	0.000234	0.000563	0.000563	0.943506
2019.10.29 17:09:40.382	0.000234	0.000891	0.000563	0.000234	0.000563	0.000563	0.000234	0.943177
2019.10.29 17:09:41.382	0.000234	0.000234	-0.000095	0.000891	0.000234	0.000234	0.000234	0.944821
2019.10.29 17:09:42.382	0.000563	0.000563	0.000563	0.000891	0.000563	0.000563	0.000234	0.944163
2019.10.29 17:09:43.382	0.000234	0.000563	0.000234	0.000563	0.000234	0.000234	0.000563	0.943835
2019.10.29 17:09:44.382	0.000563	0.000563	0.000234	-0.000095	0.000891	0.000234	0.000234	0.944492
2019.10.29 17:09:45.382	0.000563	0.000563	0.000563	0.000563	0.000563	0.000563	0.000234	0.944492
2019.10.29 17:09:46.382	0.000234	0.000563	0.000563	0.000563	0.000234	0.000234	0.000563	0.943177
2019.10.29 17:09:47.382	0.000563	0.000234	0.000563	0.000891	0.000891	0.000563	0.000563	0.945807
2019.10.29 17:09:48.382	0.000563	0.000234	0.000234	0.000234	0.000234	0.000234	0.000563	0.940548
2019.10.29 17:09:49.382	0.000563	0.000563	0.000563	-0.000095	0.000234	0.000563	0.000563	0.941205
2019.10.29 17:09:50.382	0.000563	0.000234	0.000563	0.000891	0.000563	0.000563	0.000563	0.944492
2019.10.29 17:09:51.382	0.000563	0.000563	0.000234	0.000563	-0.000095	0.000563	0.000234	0.940548
2019.10.29 17:09:52.382	0.000563	0.000234	0.000563	0.000563	0.000234	0.000563	0.000563	0.943177
2019.10.29 17:09:53.382	0.000563	0.000563	0.000563	0.000234	0.000563	0.000234	0.000563	0.942520
2019.10.29 17:09:54.382	0.000234	0.000563	0.000563	0.000234	0.000563	0.000563	0.000891	0.939233
2019.10.29 17:09:55.382	0.000563	0.000234	0.000234	-0.000095	-0.000095	0.000563	0.000563	0.941534
2019.10.29 17:09:56.382	0.000563	0.001220	0.000234	0.000234	0.000891	0.000563	0.000563	0.945478
2019.10.29 17:09:57.382	0.000563	0.000563	-0.000095	0.000234	0.000563	0.000234	0.000563	0.944163
2019.10.29 17:09:58.382	0.000891	0.000234	0.000234	0.000563	0.000234	0.000563	0.000563	0.940548
2019.10.29 17:09:59.382	0.000563	0.000563	0.000563	0.000563	0.000563	0.000234	0.000563	0.940219
2019.10.29 17:10:00.382	0.000563	-0.000095	0.000234	0.000234	0.000563	0.000563	0.000234	0.946793
2019.10.29 17:10:01.382	0.000891	0.000563	0.000563	0.000563	0.000891	0.000234	0.000563	0.942191
2019.10.29 17:10:02.382	0.000563	0.000234	0.000563	0.000563	0.000563	0.000563	0.000563	0.941205
2019.10.29 17:10:03.382	0.000563	0.000563	0.000891	0.000563	0.000234	0.000234	0.000563	0.940877
2019.10.29 17:10:04.382	0.000563	0.000563	0.000563	0.000891	0.000563	0.000563	0.000563	0.946135
2019.10.29 17:10:05.382	0.000563	0.000891	0.000234	0.000234	0.000891	0.000563	0.000563	0.939891
2019.10.29 17:10:06.382	0.000563	0.000891	0.000563	0.000234	0.000234	0.000563	0.000563	0.944163
2019.10.29 17:10:07.382	0.000234	0.000234	0.000891	0.000563	0.000563	0.000563	0.000234	0.945478
2019.10.29 17:10:08.382	0.000563	-0.000095	0.000234	0.000563	0.000563	0.000234	0.000563	0.941534
2019.10.29 17:10:09.382	0.000563	0.000234	0.000234	0.000563	0.000891	0.000891	0.000234	0.943506
2019.10.29 17:10:10.382	0.000563	0.000234	0.000234	0.000563	0.000234	0.000563	0.000563	0.940877
2019.10.29 17:10:11.382	0.000234	0.000563	0.000234	0.000891	0.000234	0.000563	0.000563	0.941205
2019.10.29 17:10:12.382	0.000234	0.000891	0.000234	-0.000095	0.000563	0.000234	0.000891	0.941863
2019.10.29 17:10:13.382	0.000234	0.000563	0.000563	0.000563	0.000563	0.000234	0.000563	0.939891
2019.10.29 17:10:14.382	0.000234	-0.000095	0.000234	0.000563	0.000563	0.000891	0.000563	0.938576
2019.10.29 17:10:15.382	0.000563	0.000563	0.000563	0.000563	0.000234	0.000563	0.000563	0.941863
2019.10.29 17:10:16.382	0.000234	0.000563	-0.000095	0.000234	0.000563	0.000234	0.000563	0.941863
2019.10.29 17:10:17.382	-0.000095	0.000563	0.000563	0.000563	0.000563	-0.000095	0.000234	0.941863
2019.10.29 17:10:18.382	0.000234	0.000234	0.000234	0.000563	-0.000095	0.000563	0.000563	0.937261
2019.10.29 17:10:19.382	0.000563	0.000563	0.000563	0.000563	0.000234	0.000234	0.000563	0.943177
2019.10.29 17:10:20.382	-0.000095	0.000563	0.000234	0.000234	0.000563	0.000563	0.000234	0.940877
2019.10.29 17:10:21.382	0.000234	0.000234	0.000563	0.000563	0.000563	0.000563	0.000563	0.942191
2019.10.29 17:10:22.382	0.000563	0.000563	0.000563	0.000234	0.000563	0.000891	0.000563	0.942849
2019.10.29 17:10:23.382	-0.000095	0.000234	0.000234	0.000563	0.000234	0.000234	0.000563	0.937919
2019.10.29 17:10:24.382	0.000234	0.000563	0.000563	0.000563	0.000563	0.000234	0.000563	0.943177
2019.10.29 17:10:25.382	0.000234	0.000563	0.000563	0.000563	0.000891	0.000563	0.000563	0.942191
2019.10.29 17:10:26.382	0.000563	0.000563	0.000563	0.000234	0.000563	0.000563	0.000563	0.942520
2019.10.29 17:10:27.382	0.000891	0.000563	0.000563	0.000563	0.000563	0.000234	0.000234	0.945149
2019.10.29 17:10:28.382	0.000563	-0.000095	0.000891	0.000234	0.000563	0.000563	0.000563	0.944821
2019.10.29 17:10:29.382	0.000234	0.000563	0.000563	0.000891	0.000234	0.000234	0.000563	0.944821
2019.10.29 17:10:30.382	0.000563	0.000563	-0.000095	0.000563	0.000563	0.000234	0.000563	0.944492
2019.10.29 17:10:31.382	0.000563	0.000891	0.000234	0.000563	0.000563	0.000563	0.000563	0.940877
2019.10.29 17:10:32.382	0.000563	0.000563	0.000234	0.000234	0.000563	0.000234	0.000234	0.948436
2019.10.29 17:10:33.382	0.000563	0.000234	0.000563	0.000563	0.000563	0.000234	0.000234	0.937261
2019.10.29 17:10:34.382	0.000234	0.000234	0.000563	0.000563	0.000563	0.000563	0.000234	0.941863
2019.10.29 17:10:35.382	0.000234	0.000234	0.000234	0.000234	0.000891	0.000234	0.000563	0.942191
2019.10.29 17:10:36.382	0.000234	0.000563	0.000563	-0.000095	0.000563	0.000563	0.001220	0.946135
2019.10.29 17:10:37.382	0.000563	0.000563	0.000563	0.000891	0.000563	0.000234	0.000234	0.944821
2019.10.29 17:10:38.382	0.000563	0.000563	0.000234	0.000891	0.000234	0.000563	0.000563	0.942520
2019.10.29 17:10:39.382	0.000234	0.000563	0.000234	-0.000095	-0.000095	0.000234	-0.000095	0.944163
2019.10.29 17:10:40.382	0.000234	0.000234	0.000234	0.000891	0.000563	0.000891	0.000563	0.941863
2019.10.29 17:10:41.382	-0.000095	0.000563	0.000234	0.000234	0.000234	0.000234	0.000563	0.943177
2019.10.29 17:10:42.382	0.000234	0.000234	0.000563	0.000563	0.000234	0.000234	0.000563	0.941205
2019.10.29 17:10:43.382	0.000234	0.000891	0.000234	0.000891	0.000234	0.000563	0.000234	0.941534
2019.10.29 17:10:44.382	0.000563	0.000891	0.000563	0.000563	0.000234	0.000563	0.000563	0.944492
2019.10.29 17:10:45.382	0.000234	0.000891	-0.000095	0.000563	0.000234	0.000563	0.000234	0.946135
2019.10.29 17:10:46.382	0.000563	0.000563	0.000234	0.000563	0.000234	0.000563	0.000563	0.941534
2019.10.29 17:10:47.382	0.000563	0.000563	0.000234	0.000234	0.000563	0.000563	0.000563	0.943506
2019.10.29 17:10:48.382	0.000563	0.000563	0.000234	0.000234	0.000563	0.000563	0.000234	0.941205
2019.10.29 17:10:49.382	0.000563	0.000234	0.000563	-0.000095	0.000563	0.000234	0.000563	0.937919
2019.10.29 17:10:50.382	0.000563	0.000891	0.000563	0.000234	0.000234	0.000563	0.000563	0.941863
2019.10.29 17:10:51.382	0.000563	0.000234	0.000563	0.000563	0.000563	0.000563	0.000563	0.940877
2019.10.29 17:10:52.382	0.000234	0.000234	0.000563	0.000563	0.000563	0.000234	0.000563	0.945807
2019.10.29 17:10:53.382	0.000563	0.000234	0.000891	0.000563	0.000563	0.000234	0.000563	0.942849
2019.10.29 17:10:54.382	0.000563	0.000563	0.000891	-0.000095	0.000563	0.000563	0.000563	0.942849
2019.10.29 17:10:55.382	0.000234	0.000563	-0.000095	0.000563	0.000234	0.000563	0.000234	0.941863
2019.10.29 17:10:56.382	0.000563	0.000563	0.000563	0.000563	0.000563	0.000234	-0.000095	0.942520
2019.10.29 17:10:57.382	0.000234	0.000891	0.000563	0.000234	0.000563	0.000563	0.000234	0.941205
2019.10.29 17:10:58.382	0.000563	0.000563	0.000563	0.000563	0.000234	0.000563	0.000563	0.943506
2019.10.29 17:10:59.382	0.000234	0.000563	0.000234	0.000891	0.000234	0.000563	0.000563	0.943506
2019.10.29 17:11:00.382	0.000234	0.000891	0.000891	0.000234	0.000563	0.000563	0.000234	0.942849
2019.10.29 17:11:01.382	-0.000095	0.000563	0.000563	0.000234	0.000563	0.000563	0.000234	0.942191
2019.10.29 17:11:02.382	0.000563	0.000563	0.000563	0.000234	0.000891	0.000234	0.000891	0.943177
2019.10.29 17:11:03.382	0.000563	0.000563	0.000563	0.000234	0.000234	0.000234	0.000563	0.945149
2019.10.29 17:11:04.382	0.000563	0.000563	0.000234	0.000563	0.000563	0.000891	0.000563	0.946135
2019.10.29 17:11:05.382	0.000234	0.000563	0.000563	0.000563	0.000563	0.000563	0.000563	0.941205
2019.10.29 17:11:06.382	0.000891	0.000563	0.000234	0.000563	0.000891	0.000563	0.000891	0.941534
2019.10.29 17:11:07.382	-0.000095	0.000234	0.000563	0.000563	0.000563	0.000234	0.000563	0.940877
2019.10.29 17:11:08.382	0.000563	0.000891	0.000563	0.000563	0.000234	0.000234	0.000234	0.945807
2019.10.29 17:11:09.382	0.000563	0.000563	0.000563	0.000563	0.000234	0.000234	0.000563	0.939562
2019.10.29 17:11:10.382	0.000234	0.000563	0.000563	0.000563	0.000234	0.000891	0.000563	0.942191
2019.10.29 17:11:11.382	0.000234	0.000891	0.000563	0.000234	0.000563	0.000891	0.000234	0.944492
2019.10.29 17:11:12.382	0.000563	0.000234	0.000234	0.000234	0.000563	0.000563	0.000234	0.946135
2019.10.29 17:11:13.382	0.000563	0.000563	0.000563	0.000563	0.000234	0.000563	0.000563	0.943506
2019.10.29 17:11:14.382	0.000891	0.000563	-0.000095	0.000234	0.000563	0.000563	0.000563	0.943506
2019.10.29 17:11:15.382	0.000563	0.000234	0.000563	0.000563	0.000563	0.000563	0.000234	0.940219
2019.10.29 17:11:16.382	0.000234	0.000563	0.000234	0.000563	0.000234	-0.000095	0.000563	0.945807
2019.10.29 17:11:17.382	0.000563	0.000563	-0.000095	0.000234	0.000563	0.000891	0.000891	0.941863
2019.10.29 17:11:18.382	0.000563	0.000563	0.000891	0.000234	0.000563	0.000234	-0.000095	0.942849
2019.10.29 17:11:19.382	0.000234	0.000891	-0.000095	0.000234	-0.000095	0.000234	-0.000095	0.944492
2019.10.29 17:11:20.382	0.000563	0.000234	0.000891	0.000563	0.000563	0.000563	0.000891	0.945149
2019.10.29 17:11:21.382	0.000234	0.000563	0.000563	0.000891	0.000563	0.000234	-0.000095	0.941863
2019.10.29 17:11:22.382	0.000234	0.000234	0.000234	0.000891	0.000234	0.000891	0.000234	0.944821
2019.10.29 17:11:23.382	0.000563	0.000563	0.001220	0.000563	0.000563	0.000563	0.000563	0.940877
2019.10.29 17:11:24.382	0.000234	0.000563	0.000891	0.000563	0.000563	-0.000423	0.000234	0.938247
2019.10.29 17:11:25.382	0.000563	0.000234	0.000563	0.000234	-0.000095	0.000563	0.000891	0.941205
2019.10.29 17:11:26.382	-0.000095	0.000563	0.000563	-0.000095	0.000563	0.000563	0.000891	0.943506
2019.10.29 17:11:27.382	0.000234	0.000234	0.000234	0.000891	-0.000095	0.000563	0.000563	0.940219
2019.10.29 17:11:28.382	0.000563	0.000234	0.000234	0.000234	0.000234	0.000563	0.000563	0.945807
2019.10.29 17:11:29.382	0.000234	0.000563	0.000563	0.000563	0.000563	0.000563	0.000234	0.941534
2019.10.29 17:11:30.382	0.000234	0.000234	0.000563	0.000234	0.000563	0.000563	0.000563	0.943835
2019.10.29 17:11:31.382	0.000234	0.000563	0.000563	0.000563	0.000563	0.000891	0.000891	0.941534
2019.10.29 17:11:32.382	0.000563	0.000563	0.000234	0.000234	0.000563	-0.000095	0.000563	0.942520
2019.10.29 17:11:33.382	0.000563	0.000563	0.000563	0.000563	-0.000095	0.000234	0.000563	0.946793
2019.10.29 17:11:34.382	0.000563	0.000234	0.000234	0.000563	0.000563	0.000234	0.000563	0.939562
2019.10.29 17:11:35.382	0.000234	0.000563	0.000563	0.000563	0.000563	0.000563	-0.000095	0.940219
2019.10.29 17:11:36.382	0.000234	0.000563	0.000891	0.000563	0.000563	0.000563	0.000234	0.940548
2019.10.29 17:11:37.382	0.000563	0.000563	0.000563	0.000563	0.000563	0.000891	0.000563	0.940548
2019.10.29 17:11:38.382	0.000563	0.000563	0.000563	0.000234	0.000234	0.000234	0.000563	0.942849
2019.10.29 17:11:39.382	0.000234	0.000563	0.000891	0.000563	0.000563	0.000891	0.000891	0.941863
2019.10.29 17:11:40.382	0.000234	0.000234	0.000891	-0.000095	-0.000095	0.000563	-0.000095	0.940877
2019.10.29 17:11:41.382	0.000563	0.000563	0.000234	0.000563	0.000234	-0.000095	0.000563	0.939562
2019.10.29 17:11:42.382	0.000234	0.000234	0.000891	0.000234	0.000234	0.000563	0.000563	0.940219
2019.10.29 17:11:43.382	0.000563	0.000563	0.000563	0.000563	0.000563	0.000563	0.000563	0.941863
2019.10.29 17:11:44.382	0.000234	0.000234	0.000563	0.000563	0.000891	0.000891	0.000891	0.938576
2019.10.29 17:11:45.382	0.000234	0.000563	-0.000095	0.000234	-0.000095	0.000563	0.000234	0.941534
2019.10.29 17:11:46.382	0.000563	0.000563	0.000234	0.000563	0.000563	0.000563	0.000234	0.942191
2019.10.29 17:11:47.382	0.000563	0.000234	0.000234	0.000563	0.000563	0.000563	0.000563	0.942191
2019.10.29 17:11:48.382	0.000891	0.000891	0.000234	0.000234	0.000234	0.000563	0.000563	0.941863
2019.10.29 17:11:49.382	0.000234	0.000563	0.000234	0.000563	0.000563	0.000891	0.000563	0.943506
2019.10.29 17:11:50.382	0.000891	0.000234	0.000563	-0.000095	-0.000095	0.000891	0.000563	0.942849
2019.10.29 17:11:51.382	0.000563	0.000891	-0.000095	0.000234	0.000563	0.000563	0.000563	0.942191
2019.10.29 17:11:52.382	0.000563	0.000234	0.000563	0.000563	0.000563	0.000563	0.000563	0.942191
2019.10.29 17:11:53.382	0.000563	0.000563	0.000234	-0.000095	-0.000095	0.000563	0.000234	0.945149
2019.10.29 17:11:54.382	0.000563	0.000563	0.000563	0.000563	0.000563	0.000234	0.000563	0.947121
2019.10.29 17:11:55.382	0.000234	-0.000095	0.000563	0.000563	0.000563	0.000234	0.000234	0.943177
2019.10.29 17:11:56.382	0.000563	-0.000095	0.000234	0.000563	0.000563	0.000563	0.000234	0.943177
2019.10.29 17:11:57.382	0.000234	0.000234	0.000563	0.000563	0.000563	0.000891	0.000563	0.942191
2019.10.29 17:11:58.382	-0.000095	0.000563	0.000891	0.000234	0.000563	-0.000095	0.000234	0.940548
2019.10.29 17:11:59.382	0.000563	0.000234	0.000563	0.000563	0.000563	0.000891	-0.000095	0.943177
2019.10.29 17:12:00.382	0.000563	0.000234	0.000891	0.000563	0.000891	0.000234	0.000234	0.942191
2019.10.29 17:12:01.382	0.000891	0.000234	0.000563	0.000563	0.000234	0.000563	-0.000095	0.940219
2019.10.29 17:12:02.382	0.000234	0.000563	0.000563	0.000563	-0.000423	0.000234	0.000563	0.941205
2019.10.29 17:12:03.382	0.000234	0.000563	0.000891	0.000234	0.000563	0.000563	0.000563	0.944821
2019.10.29 17:12:04.382	-0.000095	0.000563	0.000563	0.000563	0.000563	0.000234	0.000563	0.942849
2019.10.29 17:12:05.382	0.000563	0.000563	0.000563	0.000234	0.000563	0.000563	0.000563	0.943506
2019.10.29 17:12:06.382	0.000234	0.000563	0.000891	0.000234	0.000563	0.000563	0.000891	0.946464
2019.10.29 17:12:07.382	0.000563	0.000891	0.000891	0.000234	0.000563	0.000563	0.000563	0.944821
2019.10.29 17:12:08.382	0.000234	0.000234	0.000563	0.000234	0.000563	0.000563	0.000563	0.945478
2019.10.29 17:12:09.382	0.000563	0.000563	0.000234	0.000234	0.000891	0.000563	0.000563	0.939233
2019.10.29 17:12:10.382	0.000234	0.000563	0.000563	0.000563	0.000563	0.000563	0.000563	0.940877
2019.10.29 17:12:11.382	0.000563	0.000234	0.000563	0.000563	0.000234	0.000563	0.000234	0.942191
2019.10.29 17:12:12.382	0.000563	0.000563	-0.000095	0.000234	0.000234	-0.000095	0.000234	0.943835
2019.10.29 17:12:13.382	-0.000095	0.000234	0.000563	0.000563	0.000563	0.000234	0.000563	0.942191
2019.10.29 17:12:14.382	0.000563	0.000563	0.000563	0.000563	0.000563	0.000563	0.000563	0.943177
2019.10.29 17:12:15.382	0.000234	0.000234	0.001220	0.000563	0.000563	-0.000095	0.000234	0.946135
2019.10.29 17:12:16.382	0.000563	0.000563	0.000234	0.000563	-0.000095	0.000563	0.000234	0.941863
2019.10.29 17:12:17.382	0.000563	-0.000095	0.000234	0.000563	0.000234	0.000563	0.000563	0.940548
2019.10.29 17:12:18.382	0.000891	0.000234	0.000234	0.000563	0.000234	0.000563	0.000234	0.945478
2019.10.29 17:12:19.382	0.000563	0.000891	-0.000095	0.000563	0.000563	0.000563	0.000234	0.940877
2019.10.29 17:12:20.382	0.000234	0.000234	0.000563	0.000234	0.000891	0.000891	0.000563	0.943506
2019.10.29 17:12:21.382	0.000563	0.000563	0.000563	0.000234	0.000563	0.000234	-0.000095	0.943506
2019.10.29 17:12:22.382	0.000563	0.000563	0.000563	0.000234	0.000234	0.000234	0.000891	0.940548
2019.10.29 17:12:23.382	0.000563	0.000234	0.000563	0.000563	0.000234	0.000563	0.000563	0.944163
2019.10.29 17:12:24.382	0.000234	0.000563	0.000563	0.000234	0.000563	0.000563	0.000563	0.939562
2019.10.29 17:12:25.382	0.000234	0.000234	0.000563	0.000563	0.000234	0.000234	0.000234	0.946464
2019.10.29 17:12:26.382	0.000234	0.000234	0.000234	0.000234	0.000563	0.000563	0.000563	0.943506
2019.10.29 17:12:27.382	0.000563	0.000234	0.000563	0.000234	0.000234	-0.000095	-0.000095	0.941863
2019.10.29 17:12:28.382	0.000891	0.000234	0.000234	0.000234	0.000563	0.000563	0.000563	0.944492
2019.10.29 17:12:29.382	0.000563	0.000234	0.000563	-0.000095	0.000234	0.000234	0.000563	0.945807
2019.10.29 17:12:30.382	0.000563	0.000234	0.000563	0.000563	0.000563	0.000563	0.000563	0.939233
2019.10.29 17:12:31.382	0.000234	0.000563	0.000563	0.000234	0.000563	0.000563	0.000891	0.942849
2019.10.29 17:12:32.382	0.000563	0.000563	0.000563	0.000234	0.000563	0.000563	0.000234	0.938905
2019.10.29 17:12:33.382	0.000234	0.000891	0.000563	0.000563	0.000563	0.000563	-0.000095	0.940219
2019.10.29 17:12:34.382	0.000563	0.000563	0.000234	0.000234	0.000563	0.000234	-0.000095	0.943177
2019.10.29 17:12:35.382	0.000234	0.000563	0.000563	0.000563	0.000234	0.000891	0.000891	0.943177
2019.10.29 17:12:36.382	0.000563	0.000234	0.000563	0.000234	0.000234	0.000563	0.000563	0.941863
2019.10.29 17:12:37.382	0.000563	0.000234	0.000563	0.000234	0.000563	0.000891	0.000563	0.939233
2019.10.29 17:12:38.382	0.000234	0.000563	0.000234	0.000234	0.000234	0.000234	0.000234	0.942849
2019.10.29 17:12:39.382	0.000563	0.000234	0.000234	0.000234	0.000563	0.000234	0.000563	0.944821
2019.10.29 17:12:40.382	0.000563	0.000891	0.000234	0.000563	0.000234	0.000563	0.000563	0.941863
2019.10.29 17:12:41.382	0.000891	0.000891	0.000234	0.000563	0.000563	0.000563	0.000563	0.942849
2019.10.29 17:12:42.382	0.000563	0.000234	-0.000095	0.000234	0.000891	0.000563	0.000563	0.939233
2019.10.29 17:12:43.382	-0.000095	0.000234	0.000563	0.000563	0.000563	0.000891	0.000563	0.939891
2019.10.29 17:12:44.382	0.000234	0.000563	0.000234	0.000563	0.001220	0.000563	0.000563	0.938247
2019.10.29 17:12:45.382	0.000234	-0.000095	0.000563	0.000563	0.000234	0.000563	0.000563	0.944492
2019.10.29 17:12:46.382	0.000563	0.000234	0.000234	-0.000095	0.000563	0.000234	0.000563	0.944492
2019.10.29 17:12:47.382	0.000563	0.000234	0.000563	0.000234	0.000563	0.000234	0.000563	0.944492
2019.10.29 17:12:48.382	0.000563	0.000563	0.000234	-0.000095	0.000234	0.000563	0.000891	0.942191
2019.10.29 17:12:49.382	0.000234	0.000563	0.000891	0.000234	0.000891	0.000563	0.000563	0.939891
2019.10.29 17:12:50.382	0.000563	0.000563	0.000563	0.000891	0.000234	0.000234	0.000563	0.942849
2019.10.29 17:12:51.382	0.000563	0.000563	0.000234	0.000563	0.000234	0.000563	0.000563	0.942849
2019.10.29 17:12:52.382	0.000563	0.000563	0.000563	0.000563	0.000563	0.000563	-0.000095	0.937261
2019.10.29 17:12:53.382	0.000234	0.000563	0.000563	0.000563	0.000563	0.000563	0.000563	0.944492
2019.10.29 17:12:54.382	0.000563	0.000563	0.000234	0.000234	0.000234	0.000563	0.000563	0.943835
2019.10.29 17:12:55.382	0.000563	0.000563	-0.000095	0.000563	0.000563	0.000563	0.000563	0.939233
2019.10.29 17:12:56.382	0.000891	0.000563	0.000563	0.000563	0.000563	0.000563	0.000234	0.939891
2019.10.29 17:12:57.382	0.000563	0.000234	0.000563	0.000563	0.000563	0.000234	-0.000095	0.939562
2019.10.29 17:12:58.382	0.000234	0.000563	0.000563	-0.000095	0.000234	0.000234	0.000234	0.944821
2019.10.29 17:12:59.382	0.000234	0.000563	0.000563	0.000563	-0.000095	0.000563	0.000563	0.944163
2019.10.29 17:13:00.382	0.000234	0.000563	0.000891	0.000234	0.000563	0.000563	0.000234	0.937919
2019.10.29 17:13:01.382	0.000891	0.000234	0.000234	0.000563	0.000234	0.000563	0.000563	0.939233
2019.10.29 17:13:02.382	0.000891	0.000891	0.000563	0.000563	0.000563	0.000563	0.000891	0.941534
2019.10.29 17:13:03.382	-0.000095	0.000234	0.000563	0.000234	0.000234	0.000234	0.000234	0.940877
2019.10.29 17:13:04.382	0.000234	0.000891	0.000234	0.000563	0.000563	0.000234	0.000563	0.944492
2019.10.29 17:13:05.382	0.000234	0.000234	0.000234	0.000234	0.000234	0.000563	0.000891	0.941534
2019.10.29 17:13:06.382	0.000234	0.000563	0.000563	0.000563	0.000234	0.000563	0.000234	0.939891
2019.10.29 17:13:07.382	0.000234	0.000563	0.000563	0.000563	0.000563	-0.000095	0.000563	0.940548
2019.10.29 17:13:08.382	0.000563	0.000891	-0.000095	0.000563	0.000563	0.000234	0.000563	0.943177
2019.10.29 17:13:09.382	-0.000095	0.000234	0.000563	0.000563	0.000563	0.000563	0.000234	0.944821
2019.10.29 17:13:10.382	-0.000095	0.000563	0.000234	0.000563	0.000563	0.000563	-0.000095	0.939562
2019.10.29 17:13:11.382	0.000563	0.000563	0.000563	0.000563	0.000563	0.000563	0.000563	0.940548
2019.10.29 17:13:12.382	0.000891	0.000563	-0.000095	0.000563	0.000891	0.000234	0.000563	0.943506
2019.10.29 17:13:13.382	-0.000095	0.000563	-0.000095	0.000234	0.000234	0.000563	0.000234	0.938905
2019.10.29 17:13:14.382	0.000563	0.000234	0.000234	0.000891	0.000563	0.000234	0.000563	0.941205
2019.10.29 17:13:15.382	0.000891	0.000563	-0.000095	0.000891	-0.000095	0.000563	0.000563	0.941863
2019.10.29 17:13:16.382	0.000563	0.000563	0.000563	0.000563	0.000891	-0.000095	0.000563	0.941534
2019.10.29 17:13:17.382	0.000563	0.000891	0.000563	0.000234	0.000563	0.000563	0.000563	0.939562
2019.10.29 17:13:18.382	0.000563	0.000234	0.000563	-0.000095	0.000234	0.000563	0.000563	0.941534
2019.10.29 17:13:19.382	0.000563	0.000563	0.000234	0.000563	0.000563	0.000234	0.000563	0.945807
2019.10.29 17:13:20.382	0.000563	0.000563	0.000563	-0.000095	0.000234	0.000563	0.000563	0.944492
2019.10.29 17:13:21.382	0.000563	0.000563	0.000563	0.000563	0.000891	0.000563	0.000234	0.941534
2019.10.29 17:13:22.382	0.000563	0.000563	0.000563	0.000234	0.000234	0.000891	0.000563	0.945807
2019.10.29 17:13:23.382	0.000563	0.000563	0.000563	0.000563	0.000234	0.000563	0.000563	0.943177
2019.10.29 17:13:24.382	0.000234	0.000234	0.000234	0.000563	0.000234	0.000234	0.000234	0.944821
2019.10.29 17:13:25.382	0.000563	0.000563	0.000563	0.000563	0.000234	0.000234	0.000563	0.941205
2019.10.29 17:13:26.382	0.000563	0.000563	-0.000095	0.000563	0.000234	0.000234	0.000563	0.944821
2019.10.29 17:13:27.382	-0.000095	0.000234	0.000234	0.000234	0.000891	0.000563	0.000563	0.944163
2019.10.29 17:13:28.382	0.000891	0.000563	0.000563	0.000563	0.000563	0.000563	0.000563	0.943177
2019.10.29 17:13:29.382	0.000563	0.000891	0.000563	-0.000095	0.000234	0.000563	0.000234	0.939233
2019.10.29 17:13:30.382	0.000563	-0.000095	0.000234	0.000563	0.000891	0.000234	0.000563	0.940219
2019.10.29 17:13:31.382	0.000234	0.000563	-0.000095	0.000563	0.000563	0.000563	0.000563	0.938905
2019.10.29 17:13:32.382	0.000563	0.000563	0.000563	0.000563	0.000563	0.000234	0.000563	0.943177
2019.10.29 17:13:33.382	-0.000095	0.000563	0.000563	0.000891	0.000563	0.000563	0.000234	0.940877
2019.10.29 17:13:34.382	0.000563	0.000234	0.000563	0.000234	0.000234	0.000563	0.000563	0.938905
2019.10.29 17:13:35.382	0.000891	0.000563	0.000563	0.000563	0.000234	0.000563	0.000563	0.944163
2019.10.29 17:13:36.382	0.000234	0.000234	0.000563	0.000563	0.000563	-0.000095	0.000563	0.942849
2019.10.29 17:13:37.382	0.000563	0.000563	0.000563	0.000234	0.000563	0.000891	0.000563	0.942191
2019.10.29 17:13:38.382	0.000563	0.000234	0.000891	0.000234	0.000234	0.000563	0.000563	0.937919
2019.10.29 17:13:39.382	0.000234	-0.000095	0.000563	0.000563	0.000563	0.000563	-0.000095	0.941205
2019.10.29 17:13:40.382	-0.000095	0.000563	0.000234	0.000891	-0.000095	0.000891	0.000563	0.943506
2019.10.29 17:13:41.382	0.000563	0.000563	0.000891	0.000563	0.000563	0.000563	0.000563	0.943506
2019.10.29 17:13:42.382	0.000563	0.000234	0.000234	0.000234	0.000563	0.000563	0.000234	0.943177
2019.10.29 17:13:43.382	0.000563	0.000234	0.000891	0.000234	0.000563	0.000563	0.000563	0.944821
2019.10.29 17:13:44.382	0.000563	0.000234	0.000563	-0.000095	0.000234	0.000563	0.000234	0.940219
2019.10.29 17:13:45.382	0.000234	0.000563	0.000234	0.000563	0.000563	0.000563	0.000563	0.944821
2019.10.29 17:13:46.382	0.000234	0.000563	0.000563	0.000234	0.000563	-0.000095	0.000234	0.939233
2019.10.29 17:13:47.382	0.000563	0.000563	0.000563	0.000234	0.000563	0.000563	0.000891	0.945478
2019.10.29 17:13:48.382	0.000891	0.000563	0.000234	0.000234	0.000563	0.000891	-0.000095	0.942849
2019.10.29 17:13:49.382	0.000234	0.000563	0.000563	0.000563	0.000563	0.000563	0.000234	0.943177
2019.10.29 17:13:50.382	0.000234	0.000891	0.000563	0.000234	0.000563	-0.000095	-0.000095	0.942191
2019.10.29 17:13:51.382	0.000563	0.000563	0.000563	0.000563	0.000234	0.000563	0.000234	0.945478
2019.10.29 17:13:52.382	0.000563	0.000563	0.000563	0.000563	0.000563	0.000234	0.000563	0.944492
2019.10.29 17:13:53.382	0.000563	0.000563	0.000563	0.000563	0.000563	0.000563	0.000563	0.943177
2019.10.29 17:13:54.382	-0.000095	0.000234	0.000563	0.000563	0.000563	0.000234	0.000891	0.942191
2019.10.29 17:13:55.382	-0.000095	0.000563	0.000234	0.000234	-0.000095	0.000563	0.000234	0.940877
2019.10.29 17:13:56.382	0.000234	0.000563	0.000563	0.000563	0.000563	0.000563	0.000563	0.940219
2019.10.29 17:13:57.382	0.000563	0.000234	0.000891	0.000563	0.000563	0.000563	0.000563	0.943506
2019.10.29 17:13:58.382	0.000234	0.000563	0.000563	0.000891	0.000563	0.000563	0.000563	0.941863
2019.10.29 17:13:59.382	0.000563	0.000563	0.000234	0.000563	0.000563	0.000234	0.000234	0.946135
2019.10.29 17:14:00.382	0.000234	-0.000095	0.000891	0.000563	0.000234	0.000563	0.000234	0.943506
2019.10.29 17:14:01.382	0.000234	0.000234	0.000234	0.000891	0.000563	0.000563	0.000563	0.941863
2019.10.29 17:14:02.382	0.000234	0.000234	0.000563	0.000563	0.000563	0.000563	0.000563	0.939891
2019.10.29 17:14:03.382	0.000563	0.000563	0.000563	-0.000095	0.000234	0.000563	0.000234	0.943177
2019.10.29 17:14:04.382	0.000891	0.000234	0.000891	0.000563	0.000234	0.000563	0.000563	0.944821
2019.10.29 17:14:05.382	0.000234	0.000563	-0.000095	0.000234	0.000891	0.000563	0.000234	0.941205
2019.10.29 17:14:06.382	0.000234	0.000563	0.000234	0.000563	0.000234	0.000563	0.000563	0.942191
2019.10.29 17:14:07.382	0.000563	0.000563	-0.000095	0.000563	-0.000095	0.000563	0.000234	0.940548
2019.10.29 17:14:08.382	0.000563	0.000234	0.000234	0.000891	0.000234	0.000234	0.000563	0.942849
2019.10.29 17:14:09.382	0.000891	0.000563	0.000234	0.000563	-0.000095	0.000563	0.000234	0.942191
2019.10.29 17:14:10.382	0.000563	0.000234	0.000563	0.000563	0.000563	0.000563	0.000891	0.942191
2019.10.29 17:14:11.382	0.000563	0.000563	0.000234	0.000563	0.000563	0.000234	0.000563	0.945478
2019.10.29 17:14:12.382	0.000234	0.000234	0.000563	0.000563	0.000234	-0.000095	0.000234	0.943506
2019.10.29 17:14:13.382	0.000563	0.000234	0.000234	0.000234	0.000234	0.000234	0.000563	0.941205
2019.10.29 17:14:14.382	0.000563	0.000563	-0.000423	0.000891	0.000563	0.000234	0.000563	0.940877
2019.10.29 17:14:15.382	0.000563	-0.000095	0.000234	0.000234	0.000234	0.000234	0.000563	0.940219
2019.10.29 17:14:16.382	0.000563	0.000563	-0.000095	0.000563	0.000234	0.000563	0.000891	0.943177
2019.10.29 17:14:17.382	0.000563	0.000563	0.000234	0.000563	-0.000095	0.000563	0.000563	0.947450
2019.10.29 17:14:18.382	0.000234	0.000563	0.000234	0.000234	0.000563	0.000234	0.000563	0.942520
2019.10.29 17:14:19.382	0.000234	-0.000095	0.000563	0.000234	0.000563	0.000563	0.000563	0.940548
2019.10.29 17:14:20.382	0.000563	0.000563	0.000563	0.000563	0.000234	0.000563	-0.000095	0.946135
2019.10.29 17:14:21.382	0.000563	0.000563	0.000234	0.000234	0.000563	0.000234	0.000563	0.940877
2019.10.29 17:14:22.382	0.000563	0.000234	0.000563	0.000563	-0.000095	0.000563	0.000234	0.939233
2019.10.29 17:14:23.382	0.000563	0.000563	0.000234	0.000563	0.000234	0.000563	-0.000095	0.943506
2019.10.29 17:14:24.382	-0.000095	0.000234	0.000234	0.000234	0.000563	0.000234	-0.000095	0.944163
2019.10.29 17:14:25.382	0.000234	0.000563	0.000563	-0.000095	0.000563	0.000563	-0.000095	0.945807
2019.10.29 17:14:26.382	0.000563	0.000234	0.000563	0.000563	0.000563	0.000563	0.000563	0.940219
2019.10.29 17:14:27.382	-0.000095	0.000234	0.000563	0.000563	0.000563	0.000234	0.000563	0.940219
2019.10.29 17:14:28.382	-0.000095	0.000563	0.000234	0.000234	0.000563	0.000563	0.000563	0.942191
2019.10.29 17:14:29.382	0.000234	0.000234	0.000234	0.000563	0.000563	0.000234	0.000891	0.940219
2019.10.29 17:14:30.382	0.000563	0.000891	0.000234	0.000563	0.000563	0.000234	0.000563	0.942520
2019.10.29 17:14:31.382	0.000563	-0.000095	0.000563	0.000891	0.000234	0.000234	0.000563	0.941534
2019.10.29 17:14:32.382	0.000563	0.000891	0.000891	0.000563	0.000563	0.000563	0.000563	0.943506
2019.10.29 17:14:33.382	0.000234	0.000234	0.000563	0.000234	0.000563	0.000563	0.000234	0.939891
2019.10.29 17:14:34.382	0.000234	0.000234	-0.000095	0.000234	0.000563	0.000891	0.000563	0.942191
2019.10.29 17:14:35.382	0.000563	0.000234	0.000234	0.000234	0.000234	0.000563	0.000563	0.946464
2019.10.29 17:14:36.382	0.000234	0.000234	0.000234	0.000563	0.000563	0.000563	0.000563	0.944163
2019.10.29 17:14:37.382	0.000891	0.000234	0.000563	-0.000095	0.000234	0.000234	0.000234	0.940219
2019.10.29 17:14:38.382	0.000563	0.000563	0.000563	0.000563	0.000563	0.000563	0.000563	0.942520
2019.10.29 17:14:39.382	0.000563	0.000563	0.000234	0.000563	0.000563	0.000234	0.000234	0.939233
2019.10.29 17:14:40.382	0.000563	0.000563	0.000563	0.000234	0.000563	0.000563	0.000563	0.942191
2019.10.29 17:14:41.382	0.000234	0.000563	0.000563	0.000563	0.000234	0.000563	0.000563	0.939562
2019.10.29 17:14:42.382	0.000891	-0.000095	0.000234	0.001220	0.000234	0.000563	0.000563	0.945478
2019.10.29 17:14:43.382	0.000563	0.000563	0.000891	0.000563	0.000563	0.000563	0.000234	0.940219
2019.10.29 17:14:44.382	0.000891	0.000563	0.000563	0.000563	0.000563	0.000563	0.000891	0.939233
2019.10.29 17:14:45.382	0.000563	0.000563	0.000563	0.000563	0.000563	0.000234	0.000234	0.943835
2019.10.29 17:14:46.382	0.000234	0.000234	0.000891	0.000563	0.000563	0.000563	0.000563	0.945478
2019.10.29 17:14:47.382	0.000563	0.000563	-0.000095	0.000234	0.000891	0.000563	0.000563	0.942520
2019.10.29 17:14:48.382	0.000891	0.000563	0.000563	0.000234	0.000234	0.000563	0.000234	0.941534
2019.10.29 17:14:49.382	0.000563	0.000563	0.000563	0.000234	0.000563	0.000563	-0.000095	0.942849
2019.10.29 17:14:50.382	0.000563	0.000563	0.000234	0.000891	0.000234	0.000563	0.000891	0.943177
2019.10.29 17:14:51.382	0.000234	0.000234	0.000563	0.000563	0.000563	0.000563	0.000563	0.941534
2019.10.29 17:14:52.382	0.000563	0.000234	0.000234	0.000234	0.000234	0.000563	0.000891	0.942849
2019.10.29 17:14:53.382	0.000234	0.000563	0.000563	-0.000095	0.000563	0.000234	0.000563	0.943177
2019.10.29 17:14:54.382	0.000563	-0.000095	0.000234	-0.000095	-0.000095	-0.000095	0.000234	0.940219
2019.10.29 17:14:55.382	0.000563	0.000891	0.000563	0.000563	0.000563	0.000563	0.000234	0.944163
2019.10.29 17:14:56.382	0.000563	0.000563	0.000234	0.000563	0.000563	0.000563	0.000563	0.942849
2019.10.29 17:14:57.382	0.000234	0.000234	0.000563	-0.000095	0.000563	0.000563	0.000563	0.941205
2019.10.29 17:14:58.382	0.000234	0.000563	0.000563	0.000563	0.000563	0.000563	0.000234	0.945807
2019.10.29 17:14:59.382	0.000563	0.000563	0.000563	0.000234	0.000234	0.000234	0.000563	0.942520
2019.10.29 17:15:00.382	0.000234	0.000563	0.000891	0.000563	-0.000095	0.000234	-0.000095	0.940877
2019.10.29 17:15:01.382	0.000234	0.000563	0.000563	0.000563	0.000563	0.000563	0.000563	0.944492
2019.10.29 17:15:02.382	0.000891	0.000563	0.000563	0.000563	0.000563	0.000563	0.000234	0.943506
2019.10.29 17:15:03.382	0.000563	0.000563	0.000563	0.000563	0.000563	0.000563	0.000234	0.945149
2019.10.29 17:15:04.382	0.000563	0.000563	0.000234	0.000563	0.000234	0.000563	0.000563	0.944821
2019.10.29 17:15:05.382	0.000234	0.000563	0.000563	0.000891	0.000891	0.000563	0.000234	0.940548
2019.10.29 17:15:06.382	0.000234	0.000563	0.000234	0.000563	0.000563	0.000563	0.000563	0.941205
2019.10.29 17:15:07.382	-0.000095	0.000563	0.000563	0.000234	0.000234	0.000563	0.000234	0.945149
2019.10.29 17:15:08.382	0.000234	0.000563	0.001220	0.000234	0.000234	0.000891	0.000234	0.940877
2019.10.29 17:15:09.382	0.000234	0.000891	0.001220	0.000563	0.000563	0.000563	0.000563	0.942520
2019.10.29 17:15:10.382	0.000234	0.000563	-0.000095	0.000563	0.000563	0.000234	0.000891	0.940877
2019.10.29 17:15:11.382	0.000891	0.000234	0.000563	0.000563	0.000563	0.000563	-0.000095	0.943835
2019.10.29 17:15:12.382	0.000563	0.000891	0.000563	0.000234	0.000563	0.000234	-0.000095	0.943835
2019.10.29 17:15:13.382	0.000234	0.000234	-0.000095	-0.000095	0.000563	0.000234	0.000563	0.941534
2019.10.29 17:15:14.382	0.000234	0.000563	0.000563	0.000563	0.000234	0.000563	0.000563	0.940548
2019.10.29 17:15:15.382	0.000234	0.000563	0.000563	0.000891	0.000234	0.000563	0.000563	0.941534
2019.10.29 17:15:16.382	0.000563	0.000891	0.000234	0.000234	-0.000095	0.000563	0.000563	0.940548
2019.10.29 17:15:17.382	0.000563	0.000563	0.000563	0.000234	0.000563	0.000563	0.000234	0.941205
2019.10.29 17:15:18.382	0.000234	0.000563	0.000563	0.000234	0.000234	0.000563	0.000563	0.945149
2019.10.29 17:15:19.382	0.000563	0.000234	0.000234	0.000563	0.000234	0.000563	0.000234	0.942849
2019.10.29 17:15:20.382	0.000234	-0.000095	-0.000095	0.000234	0.000891	0.000563	0.000234	0.943177
2019.10.29 17:15:21.382	0.000234	0.000563	0.000234	0.000563	0.000891	0.000563	0.000891	0.942520
2019.10.29 17:15:22.382	0.000563	0.000563	-0.000095	0.000563	0.000563	0.000563	0.000234	0.945149
2019.10.29 17:15:23.382	0.000563	0.000234	0.000563	0.000563	0.000234	0.000563	0.000563	0.942849
2019.10.29 17:15:24.382	0.000234	0.000234	0.000234	0.000234	0.000563	-0.000095	0.000563	0.946793
2019.10.29 17:15:25.382	0.000891	0.000234	0.000891	0.000234	0.000563	0.000563	0.000234	0.940548
2019.10.29 17:15:26.382	0.000234	0.000891	0.000563	0.000563	0.000891	0.000563	0.000234	0.942849
2019.10.29 17:15:27.382	0.000563	0.000234	0.000563	0.000563	0.000563	0.000563	0.000891	0.944821
2019.10.29 17:15:28.382	0.000234	0.000563	0.000563	0.000563	0.000563	0.000891	0.000234	0.937590
2019.10.29 17:15:29.382	0.000563	0.000563	0.000891	0.000234	0.000563	0.000563	0.000563	0.942520
2019.10.29 17:15:30.382	0.000563	0.000563	0.000563	0.000563	0.000234	0.000234	-0.000095	0.945149
2019.10.29 17:15:31.382	0.000563	0.000891	0.000563	0.000563	0.000891	0.000563	0.000563	0.941863
2019.10.29 17:15:32.382	0.000563	-0.000095	0.000563	0.000234	0.000563	0.000891	0.000563	0.942520
2019.10.29 17:15:33.382	0.000234	0.000563	0.000563	0.000891	0.000563	0.000563	0.000234	0.942849
2019.10.29 17:15:34.382	0.000563	0.000563	0.000891	0.000234	0.000563	0.000234	0.000563	0.946793
2019.10.29 17:15:35.382	-0.000095	0.000563	0.000563	0.000563	0.000563	0.000563	0.000234	0.943835
2019.10.29 17:15:36.382	0.000563	0.000563	0.000234	0.000563	0.000234	0.000563	-0.000095	0.940877
2019.10.29 17:15:37.382	0.000234	0.000563	0.000563	0.000234	-0.000095	0.000563	0.000234	0.943177
2019.10.29 17:15:38.382	0.000563	0.000563	0.000563	0.000891	0.000563	0.000563	0.000234	0.942191
2019.10.29 17:15:39.382	0.000563	0.000563	0.000234	0.000234	0.000563	0.000234	0.000563	0.941863
2019.10.29 17:15:40.382	0.000563	0.000563	0.000563	0.000563	0.000563	0.000891	0.000234	0.944492
2019.10.29 17:15:41.382	0.000563	0.000563	0.000234	0.000234	0.000563	-0.000095	0.000563	0.942191
2019.10.29 17:15:42.382	0.000563	0.000563	0.000563	0.000234	0.000563	0.000563	0.000234	0.945807
2019.10.29 17:15:43.382	0.000891	-0.000095	0.000563	0.000563	0.000234	0.000563	0.000563	0.940877
2019.10.29 17:15:44.382	0.000563	0.000234	-0.000095	0.000234	0.000234	0.000563	0.000234	0.942849
2019.10.29 17:15:45.382	-0.000095	0.000563	0.000891	0.000563	0.000234	0.000563	0.000563	0.945807
2019.10.29 17:15:46.382	0.000234	0.000563	0.000234	0.000234	0.000563	0.000563	0.000234	0.945149
2019.10.29 17:15:47.382	0.001220	0.000563	0.000891	0.000234	0.000563	0.000563	0.000234	0.942520
2019.10.29 17:15:48.382	-0.000095	0.000234	0.000563	-0.000095	0.000563	0.000563	0.000563	0.938576
2019.10.29 17:15:49.382	-0.000095	0.000563	-0.000095	0.000563	0.000234	0.000563	0.000891	0.943506
2019.10.29 17:15:50.382	0.000563	0.000563	0.000563	0.000563	0.000234	0.000563	0.000563	0.942520
2019.10.29 17:15:51.382	0.000891	0.000563	0.000234	0.000234	0.000891	-0.000095	0.000891	0.945478
2019.10.29 17:15:52.382	0.000234	0.000563	0.000563	0.000234	0.000563	0.000563	0.000234	0.938905
2019.10.29 17:15:53.382	0.000563	0.000234	-0.000095	0.000563	0.000563	0.000563	0.000891	0.940219
2019.10.29 17:15:54.382	0.000234	0.000234	0.000234	0.000563	0.000234	0.000234	0.000234	0.943177
2019.10.29 17:15:55.382	0.000563	0.000891	0.000563	0.000891	0.000563	-0.000095	0.000891	0.939562
2019.10.29 17:15:56.382	0.000234	0.000563	0.000234	0.000563	0.000563	0.000563	0.000563	0.941863
2019.10.29 17:15:57.382	0.000563	0.000563	0.000563	0.000563	0.000563	0.000563	0.000563	0.944821
2019.10.29 17:15:58.382	0.000563	0.000234	0.000234	0.000563	0.000563	0.000234	0.000234	0.946793
2019.10.29 17:15:59.382	0.000563	0.000234	0.000234	0.000563	0.000563	0.000563	0.000563	0.942191
2019.10.29 17:16:00.382	0.000563	0.000563	0.000234	0.000563	0.000234	0.000563	0.000234	0.941863
2019.10.29 17:16:01.382	0.000563	0.000563	0.000563	0.000234	0.000234	0.000563	0.000563	0.940219
2019.10.29 17:16:02.382	0.000234	0.000234	0.000563	0.000563	0.000234	0.000234	0.000563	0.937919
2019.10.29 17:16:03.382	0.000563	0.000563	0.000563	0.000234	0.000563	-0.000095	0.000563	0.939233
2019.10.29 17:16:04.382	0.000234	0.000563	0.000234	0.000234	0.000234	0.000234	0.000234	0.943835
2019.10.29 17:16:05.382	0.000563	0.000234	0.000234	0.000234	0.000234	0.000563	0.000234	0.940548
2019.10.29 17:16:06.382	0.000563	0.000563	0.000563	0.000563	0.000234	0.000891	0.000563	0.945149
2019.10.29 17:16:07.382	0.000563	0.000563	0.000563	0.000234	-0.000095	0.000563	0.000563	0.945478
2019.10.29 17:16:08.382	-0.000095	0.000234	0.000563	0.000563	0.000891	0.000563	0.000891	0.945478
2019.10.29 17:16:09.382	0.000563	0.000563	0.000563	-0.000095	0.000891	0.000563	-0.000095	0.941534
2019.10.29 17:16:10.382	0.000234	0.000234	0.000563	0.000891	0.000563	0.000891	0.000234	0.946135
2019.10.29 17:16:11.382	0.000234	0.000234	0.000891	0.000234	0.000234	0.000563	0.000234	0.942520
2019.10.29 17:16:12.382	0.000563	0.000563	0.000563	0.000563	0.000234	0.000563	0.000234	0.943835
2019.10.29 17:16:13.382	0.000234	0.000563	-0.000095	0.000563	0.000234	0.000563	0.000563	0.939891
2019.10.29 17:16:14.382	0.000234	0.000563	0.000563	0.000234	0.000234	0.000234	0.000234	0.942520
2019.10.29 17:16:15.382	0.000234	0.000563	0.000563	0.000563	0.000234	-0.000095	0.000563	0.939891
2019.10.29 17:16:16.382	0.000563	0.000234	0.000563	0.000234	0.000234	0.000563	0.000563	0.944163
2019.10.29 17:16:17.382	0.000563	0.000563	0.000563	0.000891	0.000891	0.000563	0.000563	0.941205
2019.10.29 17:16:18.382	0.000563	0.000234	0.000234	0.000891	0.000563	0.000234	-0.000095	0.941205
2019.10.29 17:16:19.382	0.000563	0.000234	0.000891	0.000891	-0.000095	0.000891	0.000891	0.942191
2019.10.29 17:16:20.382	0.000563	0.000563	0.000234	0.000234	0.000563	0.000563	0.000234	0.944492
2019.10.29 17:16:21.382	0.000563	0.000234	-0.000095	0.000234	0.000563	0.000563	0.000563	0.941534
2019.10.29 17:16:22.382	0.000563	0.000563	0.000563	0.000563	0.000234	0.000563	-0.000095	0.944821
2019.10.29 17:16:23.382	0.000234	0.000234	0.000563	0.000891	0.000234	0.000563	0.000563	0.942520
2019.10.29 17:16:24.382	0.000234	0.000234	0.000563	0.000234	-0.000095	0.000563	0.000563	0.941534
2019.10.29 17:16:25.382	0.000234	0.000563	0.000563	-0.000095	0.000234	0.000563	0.000234	0.943506
2019.10.29 17:16:26.382	0.000234	0.000563	0.000563	0.000234	0.000234	0.000563	0.000563	0.941534
2019.10.29 17:16:27.382	0.000563	0.000563	0.000234	0.000234	0.000563	0.000234	0.000563	0.942520
2019.10.29 17:16:28.382	0.000563	0.000234	0.000563	0.000563	0.000234	0.000563	0.000563	0.941863
2019.10.29 17:16:29.382	0.000234	0.000891	0.000563	0.000563	0.000234	0.000234	0.000563	0.940877
2019.10.29 17:16:30.382	0.000234	0.000891	0.000234	0.000563	0.000563	0.000234	0.000234	0.939562
2019.10.29 17:16:31.382	0.000234	0.000563	0.000563	0.000234	0.000563	0.000234	0.000563	0.942191
2019.10.29 17:16:32.382	0.000563	0.000563	0.000563	0.000234	0.000234	0.000234	0.000563	0.941863
2019.10.29 17:16:33.382	0.000891	0.000563	0.000563	0.000563	0.000563	0.000563	0.000234	0.944492
2019.10.29 17:16:34.382	0.000563	0.000563	0.000563	0.000234	0.000891	-0.000095	0.000563	0.939562
2019.10.29 17:16:35.382	0.000234	0.000891	0.000563	0.000563	0.000234	0.000563	0.000234	0.941863
2019.10.29 17:16:36.382	0.000234	0.000563	0.000891	0.000563	-0.000095	0.000234	-0.000095	0.938576
2019.10.29 17:16:37.382	0.000234	0.000563	0.000563	0.000563	0.000234	0.000563	0.000563	0.939233
2019.10.29 17:16:38.382	0.000563	0.000234	0.000234	-0.000095	0.000563	0.000234	0.000234	0.943835
2019.10.29 17:16:39.382	0.000563	0.000563	0.000234	0.000563	0.000234	0.000563	0.000563	0.943177
2019.10.29 17:16:40.382	0.000563	0.000563	0.000234	-0.000095	0.000563	0.000563	0.000891	0.942520
2019.10.29 17:16:41.382	0.000563	0.000891	0.000563	0.000563	-0.000095	0.000563	0.000563	0.942849
2019.10.29 17:16:42.382	0.000234	-0.000095	0.000563	0.000891	0.000563	0.000563	0.000234	0.946135
2019.10.29 17:16:43.382	0.000234	0.000563	0.000563	0.000891	0.000563	0.000891	0.000563	0.938576
2019.10.29 17:16:44.382	0.000563	0.000891	0.000563	0.000234	0.000234	0.000234	0.000234	0.941205
2019.10.29 17:16:45.382	0.000234	0.000234	0.000563	0.000563	0.000234	0.000563	0.000563	0.943506
2019.10.29 17:16:46.382	0.000234	0.000563	-0.000095	0.000234	0.000234	0.000234	0.000563	0.940877
2019.10.29 17:16:47.382	0.000563	0.000234	0.000234	-0.000095	0.000563	0.000563	0.000234	0.943177
2019.10.29 17:16:48.382	0.000563	0.000234	0.000234	0.000234	0.000891	0.000234	0.000563	0.945478
2019.10.29 17:16:49.382	0.000563	0.000563	0.000891	-0.000095	0.000234	0.000563	0.000891	0.944821
2019.10.29 17:16:50.382	0.000891	0.000234	0.000563	-0.000095	0.000234	0.000563	0.000234	0.944163
2019.10.29 17:16:51.382	0.000563	0.000891	0.000891	0.000563	0.000234	0.000891	0.000563	0.941205
2019.10.29 17:16:52.382	0.000563	0.000563	0.000563	0.000234	-0.000095	0.000563	0.000234	0.942191
2019.10.29 17:16:53.382	0.000563	0.000234	0.000563	0.000563	0.000563	0.000234	0.000563	0.942849
2019.10.29 17:16:54.382	-0.000095	0.000563	0.000563	0.000234	0.000563	0.000563	0.000234	0.942520
2019.10.29 17:16:55.382	0.000234	0.000563	0.000234	0.000563	0.000563	0.000563	0.000891	0.943835
2019.10.29 17:16:56.382	0.000234	0.000563	0.000234	0.000563	0.000563	0.000891	0.000563	0.941205
2019.10.29 17:16:57.382	0.000563	0.000563	0.000234	0.000563	0.000234	0.000563	0.000563	0.939562
2019.10.29 17:16:58.382	0.000563	0.000563	0.000234	0.000563	0.000563	0.000563	0.000234	0.943835
2019.10.29 17:16:59.382	0.000563	0.000563	0.000234	0.000563	0.000563	0.000234	0.000891	0.941205
2019.10.29 17:17:00.382	0.000563	0.000563	0.000563	0.000563	0.000234	0.000234	0.000234	0.941534
2019.10.29 17:17:01.382	0.000563	0.000563	0.000234	0.000234	0.000563	0.000563	0.000563	0.940219
2019.10.29 17:17:02.382	0.000563	0.000563	0.000234	0.000234	0.000891	0.000234	0.000563	0.944821
2019.10.29 17:17:03.382	0.000891	0.000234	0.000563	0.000234	0.000563	0.000563	0.000563	0.942849
2019.10.29 17:17:04.382	0.000234	0.000234	0.000234	-0.000095	0.000234	0.000563	0.000563	0.944492
2019.10.29 17:17:05.382	-0.000095	0.000891	0.000234	0.000563	0.000563	0.000563	0.000234	0.943835
2019.10.29 17:17:06.382	0.000234	0.000563	0.000234	0.000234	0.000234	0.000563	-0.000095	0.938576
2019.10.29 17:17:07.382	0.000563	0.000563	0.000234	0.000234	0.000563	0.000563	0.000563	0.941205
2019.10.29 17:17:08.382	0.000563	0.000234	0.000563	0.000234	0.000563	0.000563	0.000563	0.943506
2019.10.29 17:17:09.382	0.000563	0.000234	0.000234	0.000563	0.000563	0.000234	0.000563	0.945478
2019.10.29 17:17:10.382	0.000563	0.000234	0.000563	0.000234	0.000234	0.000563	0.000234	0.944821
2019.10.29 17:17:11.382	0.000563	-0.000095	0.000234	0.000891	0.000234	-0.000095	0.000563	0.941863
2019.10.29 17:17:12.382	0.001220	-0.000095	-0.000095	0.000563	0.000234	-0.000095	0.000563	0.945149
2019.10.29 17:17:13.382	0.000234	0.000891	0.000234	0.000563	-0.000095	0.000563	0.000563	0.942849
2019.10.29 17:17:14.382	0.000563	0.000563	0.000234	0.000234	0.000234	0.000234	0.000563	0.942849
2019.10.29 17:17:15.382	0.000234	0.000563	0.000563	0.000234	0.000234	-0.000095	0.000563	0.944163
2019.10.29 17:17:16.382	0.001220	0.000563	0.000234	0.000563	0.000234	0.000563	0.000563	0.941863
2019.10.29 17:17:17.382	0.000234	0.000234	0.000563	0.000563	0.000234	0.000563	0.000563	0.944163
2019.10.29 17:17:18.382	0.000563	0.000563	0.000234	0.000563	0.000563	0.000234	0.000563	0.943835
2019.10.29 17:17:19.382	-0.000095	0.000563	0.000234	0.000234	0.000234	0.000563	0.000563	0.943506
2019.10.29 17:17:20.382	0.000563	0.000234	0.000563	0.000234	0.000234	0.000563	0.000563	0.945149
2019.10.29 17:17:21.382	0.000234	0.000234	-0.000095	0.000563	0.000563	0.000563	0.000563	0.948436
2019.10.29 17:17:22.382	-0.000095	0.000234	-0.000095	0.000563	0.000563	0.000563	0.000563	0.940877
2019.10.29 17:17:23.382	0.000563	0.000563	-0.000095	0.000563	0.000563	0.000563	0.000563	0.943177
2019.10.29 17:17:24.382	0.000563	0.000563	0.000234	0.001220	0.000234	0.000563	0.000234	0.947779
2019.10.29 17:17:25.382	0.000563	0.000234	0.000234	0.000891	0.000234	0.000234	0.000234	0.940548
2019.10.29 17:17:26.382	0.000234	0.000563	0.000234	0.000563	0.000563	0.000234	0.000563	0.940877
2019.10.29 17:17:27.382	0.000234	0.000563	0.000563	0.000563	0.000563	0.000891	0.000891	0.941863
2019.10.29 17:17:28.382	0.000563	0.000234	0.000563	0.000563	0.000234	0.000563	0.000234	0.943177
2019.10.29 17:17:29.382	0.000234	0.000891	0.000234	0.000891	0.000563	0.000891	0.000234	0.941863
2019.10.29 17:17:30.382	0.000563	0.000234	0.000234	0.000563	0.000563	0.000234	0.000234	0.938247
2019.10.29 17:17:31.382	-0.000095	0.000234	0.000563	0.000234	0.000563	0.000563	0.000234	0.945149
2019.10.29 17:17:32.382	-0.000095	0.000234	-0.000095	0.000891	0.000234	0.000563	0.000563	0.943506
2019.10.29 17:17:33.382	0.000891	0.000234	0.000234	0.000234	0.000563	0.000563	0.000891	0.944492
2019.10.29 17:17:34.382	0.000563	0.000563	0.000563	0.000234	0.000563	0.000563	0.000234	0.944163
2019.10.29 17:17:35.382	0.000563	0.000563	0.000234	0.000563	0.000234	0.000891	0.000234	0.938576
2019.10.29 17:17:36.382	0.000563	0.000891	0.000891	0.000563	0.000563	0.000234	0.000234	0.942191
2019.10.29 17:17:37.382	0.000563	0.000563	0.000234	0.000563	0.000234	0.000234	0.000563	0.946135
2019.10.29 17:17:38.382	0.000234	0.000891	0.000234	0.000234	0.000563	0.000234	0.000563	0.942191
2019.10.29 17:17:39.382	0.000234	0.000234	0.000891	0.000234	0.000234	0.000563	0.000563	0.944163
2019.10.29 17:17:40.382	0.000563	0.000234	0.000891	0.000563	0.000563	-0.000095	0.000234	0.940548
2019.10.29 17:17:41.382	0.000563	0.000563	0.000234	0.000563	0.000891	0.000891	0.000234	0.943177
2019.10.29 17:17:42.382	0.000234	0.000234	0.000563	0.000563	0.000563	0.000563	0.000234	0.942849
2019.10.29 17:17:43.382	0.000891	0.000234	0.000563	0.000563	0.000234	-0.000095	0.000563	0.941863
2019.10.29 17:17:44.382	0.000563	0.000563	0.000563	0.000234	0.000563	0.000563	-0.000095	0.944492
2019.10.29 17:17:45.382	-0.000095	0.000563	0.000234	0.000563	0.000891	0.000563	-0.000095	0.941863
2019.10.29 17:17:46.382	0.000891	0.000563	0.000891	0.000234	0.000563	0.000563	0.000234	0.944163
2019.10.29 17:17:47.382	0.000563	0.000891	0.000563	0.000563	0.000234	0.000563	0.000563	0.942191
2019.10.29 17:17:48.382	0.000891	0.000891	0.000234	0.000563	0.000563	0.000563	0.000234	0.943835
2019.10.29 17:17:49.382	0.000563	0.000234	0.000234	0.000563	0.000563	0.000234	0.000563	0.942520
2019.10.29 17:17:50.382	0.000891	0.000234	0.000891	0.000234	0.000563	0.000234	0.000234	0.945478
2019.10.29 17:17:51.382	0.000234	0.000563	0.000563	0.000234	0.000234	0.000891	0.000563	0.944821
2019.10.29 17:17:52.382	0.000563	-0.000095	0.000234	0.000563	0.000563	-0.000095	-0.000095	0.942191
2019.10.29 17:17:53.382	0.000234	0.000563	0.000234	-0.000095	0.000563	0.000234	0.000234	0.942191
2019.10.29 17:17:54.382	0.000234	0.000563	0.000563	0.000891	0.000563	0.000891	0.000891	0.940548
2019.10.29 17:17:55.382	0.000563	0.000563	0.000891	0.000563	0.000563	0.000234	0.000891	0.942849
2019.10.29 17:17:56.382	0.000563	-0.000095	-0.000095	0.000563	0.000234	0.000563	0.000563	0.941534
2019.10.29 17:17:57.382	0.000563	0.000563	0.000563	0.000563	-0.000095	0.000234	0.000563	0.941205
2019.10.29 17:17:58.382	0.000563	0.000234	0.000563	0.000563	0.000234	0.000234	0.000563	0.937261
2019.10.29 17:17:59.382	0.000234	0.000563	0.000563	0.000891	0.000234	0.000563	0.000234	0.944163
2019.10.29 17:18:00.382	0.000563	0.000234	0.000563	0.000234	0.000563	-0.000095	0.000563	0.943835
2019.10.29 17:18:01.382	-0.000095	0.000563	0.000234	0.000891	0.000891	0.000563	0.000234	0.944492
2019.10.29 17:18:02.382	0.000563	0.000563	0.000563	0.000563	0.000563	0.000563	0.000234	0.939891
2019.10.29 17:18:03.382	0.000234	0.000234	0.000234	0.000234	0.000563	0.000563	0.000563	0.940219
2019.10.29 17:18:04.382	0.000563	0.000234	-0.000095	0.000563	0.000891	0.000891	-0.000095	0.941534
2019.10.29 17:18:05.382	0.000563	0.000563	0.000563	0.000563	0.000563	0.000563	0.000563	0.943506
2019.10.29 17:18:06.382	0.000234	0.000563	0.000563	-0.000095	0.000234	0.000563	0.000563	0.937261
2019.10.29 17:18:07.382	0.000234	0.000563	0.000563	0.000563	0.000563	0.000234	0.000563	0.943835
2019.10.29 17:18:08.382	0.000234	0.000563	0.000234	0.000563	0.000563	0.000234	0.000234	0.942191
2019.10.29 17:18:09.382	0.000563	0.000891	0.000563	0.000234	-0.000095	0.000563	0.000234	0.940548
2019.10.29 17:18:10.382	0.000563	0.000234	0.000563	0.000563	0.000563	0.000234	0.000234	0.938247
2019.10.29 17:18:11.382	0.000563	0.000234	0.000563	0.000563	0.000234	0.000234	0.000234	0.941534
2019.10.29 17:18:12.382	0.000234	0.000563	0.000563	0.000563	0.000891	0.000563	0.000563	0.944492
2019.10.29 17:18:13.382	-0.000095	0.000563	0.000563	0.000891	0.000891	0.000234	0.000234	0.941863
2019.10.29 17:18:14.382	0.000563	0.000891	0.000563	0.000563	0.000563	0.000563	0.000563	0.943177
2019.10.29 17:18:15.382	0.000563	0.000891	0.000563	0.000234	0.000234	0.000563	0.000563	0.944163
2019.10.29 17:18:16.382	0.000234	0.000563	0.000563	0.000891	0.000563	0.000563	0.000563	0.946135
2019.10.29 17:18:17.382	0.000891	0.000563	0.000563	0.000563	0.000563	0.000563	0.000563	0.941863
2019.10.29 17:18:18.382	0.000563	0.000234	0.000563	0.000234	0.000563	0.000563	0.000563	0.941534
2019.10.29 17:18:19.382	0.000234	0.000563	0.000563	0.000563	0.000234	0.000234	0.000891	0.942191
2019.10.29 17:18:20.382	0.000563	0.000234	-0.000095	0.000563	0.000563	0.000563	0.000563	0.943177
2019.10.29 17:18:21.382	0.000563	0.000891	0.000234	0.000563	0.000563	0.000891	0.000234	0.940877
2019.10.29 17:18:22.382	0.000563	0.000563	0.000563	0.000563	0.000563	-0.000095	0.000563	0.944821
2019.10.29 17:18:23.382	0.000563	0.000563	0.000234	-0.000095	0.000563	0.000563	0.000563	0.946135
2019.10.29 17:18:24.382	0.000563	0.000234	0.000891	0.000234	0.000563	0.000234	0.000563	0.939233
2019.10.29 17:18:25.382	-0.000095	0.000234	-0.000095	0.000563	0.000891	0.000234	0.000563	0.939233
2019.10.29 17:18:26.382	0.000563	0.000563	0.000563	0.000563	0.000234	0.000563	0.000234	0.941534
2019.10.29 17:18:27.382	0.000234	0.000563	0.000563	0.000563	0.000234	0.000563	0.000563	0.940548
2019.10.29 17:18:28.382	-0.000095	0.000563	0.000563	0.000234	0.000563	0.000891	0.000891	0.939562
2019.10.29 17:18:29.382	0.000234	0.000234	0.000563	0.000234	0.000234	0.000563	0.000563	0.942849
2019.10.29 17:18:30.382	0.000891	0.000563	0.000563	0.000891	0.000234	0.000234	0.000563	0.941534
2019.10.29 17:18:31.382	0.000563	0.000563	0.000563	0.000563	0.000563	0.000563	0.000563	0.940548
2019.10.29 17:18:32.382	0.000563	0.000563	0.000234	0.000234	0.000891	0.000234	0.000891	0.940548
2019.10.29 17:18:33.382	0.000234	0.000563	0.000891	0.000563	0.000234	0.000563	0.000563	0.940219
2019.10.29 17:18:34.382	-0.000095	0.000563	-0.000095	0.000563	0.000234	0.000563	0.000891	0.947121
2019.10.29 17:18:35.382	-0.000423	0.000891	0.000563	0.000563	0.000563	-0.000095	0.000563	0.943506
2019.10.29 17:18:36.382	0.000891	0.000891	0.000563	0.000234	0.000563	0.000563	0.000234	0.942191
2019.10.29 17:18:37.382	0.000563	0.000563	0.000563	0.000563	0.000563	0.000563	0.000563	0.942191
2019.10.29 17:18:38.382	0.000563	0.000563	0.000563	0.000563	0.000234	0.000563	0.000234	0.941863
2019.10.29 17:18:39.382	0.000234	0.000563	0.000563	0.000563	0.000234	0.000563	0.000234	0.940548
2019.10.29 17:18:40.382	-0.000095	0.000563	0.000563	0.000563	0.000234	0.000563	0.000563	0.940877
2019.10.29 17:18:41.382	-0.000095	0.000563	-0.000095	0.000891	0.000891	0.000234	0.000234	0.945149
2019.10.29 17:18:42.382	0.000563	0.000563	0.000563	0.000234	0.000563	0.000234	-0.000095	0.943506
2019.10.29 17:18:43.382	0.000234	0.000563	0.000234	0.000891	0.000563	-0.000095	0.000234	0.940877
2019.10.29 17:18:44.382	0.000563	0.000563	0.000563	0.000563	0.000234	0.000234	0.000234	0.944492
2019.10.29 17:18:45.382	0.000563	0.000234	0.000563	0.000563	0.000234	0.000563	0.000891	0.948765
2019.10.29 17:18:46.382	0.000234	0.000563	0.000563	0.000891	0.000234	0.000891	0.000891	0.941863
2019.10.29 17:18:47.382	0.000234	0.000234	-0.000095	0.000563	-0.000095	0.000234	-0.000095	0.942849
2019.10.29 17:18:48.382	0.000234	0.000563	0.000563	-0.000095	0.000234	0.000563	0.000234	0.944492
2019.10.29 17:18:49.382	0.000563	-0.000095	0.000563	0.000563	0.000891	0.000234	0.000234	0.943506
2019.10.29 17:18:50.382	0.000563	0.000234	0.000563	0.000234	0.000563	0.000234	0.000563	0.942191
2019.10.29 17:18:51.382	0.000563	0.000563	0.000563	0.000563	0.000234	0.000563	0.000234	0.939891
2019.10.29 17:18:52.382	0.000891	0.000563	0.000563	0.000563	0.000563	0.000563	-0.000095	0.942191
2019.10.29 17:18:53.382	0.000563	0.000563	0.000563	0.000563	0.000563	0.000563	0.000234	0.942849
2019.10.29 17:18:54.382	0.000234	0.000563	0.000234	0.000563	0.000563	0.000563	0.000234	0.941205
2019.10.29 17:18:55.382	0.000891	0.000563	0.000234	0.000563	0.000563	0.000563	0.000891	0.944163
2019.10.29 17:18:56.382	0.000891	0.000234	0.000234	0.000891	0.000563	0.000563	0.000563	0.942520
2019.10.29 17:18:57.382	0.000234	0.000563	0.000891	0.000563	0.000563	0.000234	0.000563	0.942191
2019.10.29 17:18:58.382	0.000563	0.000891	0.000234	0.000563	0.000234	-0.000095	-0.000095	0.940219
2019.10.29 17:18:59.382	0.000563	0.000563	0.000563	0.000563	0.000563	0.000563	0.000234	0.943506
2019.10.29 17:19:00.382	0.000563	-0.000095	0.000234	0.000234	0.000891	0.000234	0.000891	0.943506
2019.10.29 17:19:01.382	0.000563	0.000563	0.000563	0.000234	0.000234	0.000563	0.000234	0.942520
2019.10.29 17:19:02.382	0.000563	0.000234	0.000563	0.000234	0.000563	0.000234	0.000563	0.939891
2019.10.29 17:19:03.382	0.000563	0.000891	0.000563	0.000234	0.000563	0.000234	0.000234	0.940877
2019.10.29 17:19:04.382	0.000234	0.000891	0.000563	0.000234	0.000563	0.000891	-0.000095	0.941863
2019.10.29 17:19:05.382	0.000563	0.000563	0.000563	0.000563	0.000234	0.000563	0.000563	0.943177
2019.10.29 17:19:06.382	0.000563	0.000891	0.000563	0.000234	0.000563	0.000563	0.000563	0.945149
2019.10.29 17:19:07.382	0.000234	0.000563	0.000563	0.000563	0.000563	0.000563	0.000234	0.938576
2019.10.29 17:19:08.382	0.000234	0.000563	0.000234	0.000563	0.000563	0.000563	0.000563	0.944821
2019.10.29 17:19:09.382	0.000563	0.000563	0.000563	0.000891	0.000563	0.000563	0.000563	0.942191
2019.10.29 17:19:10.382	0.000563	0.000563	-0.000095	0.000891	0.000563	0.000563	0.000563	0.941534
2019.10.29 17:19:11.382	0.000563	0.000234	0.000234	0.000234	0.000891	0.000563	0.000563	0.943506
2019.10.29 17:19:12.382	0.000563	0.000891	0.000563	0.000563	0.000891	0.000234	0.000234	0.944821
2019.10.29 17:19:13.382	0.000563	-0.000095	0.000563	-0.000095	0.000563	0.000563	0.000563	0.942520
2019.10.29 17:19:14.382	0.000563	0.000563	0.000563	0.000563	0.000891	0.000234	0.000563	0.940877
2019.10.29 17:19:15.382	0.000234	0.000891	0.000234	0.000234	0.000563	0.000234	0.000563	0.943177
2019.10.29 17:19:16.382	0.000563	0.000563	0.000563	0.000563	0.000563	0.000234	0.000563	0.940877
2019.10.29 17:19:17.382	0.000234	0.000891	0.000563	0.000891	0.000563	0.000563	0.000234	0.940548
2019.10.29 17:19:18.382	0.000563	0.000563	0.000563	0.000234	-0.000095	0.000563	0.000563	0.942191
2019.10.29 17:19:19.382	0.000234	0.000891	-0.000095	0.000563	0.000563	0.000234	0.000234	0.942520
2019.10.29 17:19:20.382	0.000563	0.000234	0.000563	0.000234	-0.000095	0.000234	0.000891	0.939233
2019.10.29 17:19:21.382	0.000234	0.000563	0.000563	0.000891	0.000563	0.000234	0.000563	0.938905
2019.10.29 17:19:22.382	0.000563	0.000234	-0.000095	0.000234	0.000563	0.000234	0.000563	0.946793
2019.10.29 17:19:23.382	0.000563	0.000563	0.000891	0.000891	0.000563	0.000891	0.000234	0.943835
2019.10.29 17:19:24.382	0.000234	0.000563	-0.000095	0.000234	0.000563	0.000234	0.000234	0.940219
2019.10.29 17:19:25.382	0.000563	0.000563	0.000234	0.000563	0.000563	0.000563	0.000563	0.943177
2019.10.29 17:19:26.382	0.000563	0.000563	0.000234	0.000234	0.000891	0.000563	0.000563	0.944821
2019.10.29 17:19:27.382	0.000563	0.000563	-0.000095	0.000563	0.000563	0.000234	0.000891	0.941205
2019.10.29 17:19:28.382	0.000234	0.000891	0.000891	-0.000095	0.000563	0.000563	0.000891	0.943506
2019.10.29 17:19:29.382	0.000563	0.000891	0.000234	0.000563	0.000563	0.000234	0.000891	0.940877
2019.10.29 17:19:30.382	0.000234	0.000563	0.000563	0.000891	0.000891	0.000563	0.000891	0.940548
2019.10.29 17:19:31.382	0.000891	0.000563	0.000563	0.000563	0.000563	0.000563	0.000563	0.942520
2019.10.29 17:19:32.382	0.000234	0.000234	0.000563	0.000563	0.000891	0.000563	0.000563	0.940219
2019.10.29 17:19:33.382	-0.000095	0.000563	0.000234	0.000563	0.000563	0.000563	0.000234	0.942191
2019.10.29 17:19:34.382	0.000563	0.000891	0.000563	0.000234	0.000234	0.000563	0.000563	0.940548
2019.10.29 17:19:35.382	0.000563	0.000234	0.000563	0.000891	0.000234	0.000563	0.000563	0.939233
2019.10.29 17:19:36.382	0.000234	0.000563	0.000563	0.000563	0.000563	0.000563	0.000563	0.941863
2019.10.29 17:19:37.382	0.000234	0.000234	0.000891	0.000563	0.000234	-0.000095	0.000563	0.942191
2019.10.29 17:19:38.382	0.000563	0.000563	0.000563	0.000563	0.000234	0.000234	0.000563	0.940877
2019.10.29 17:19:39.382	0.000234	0.000234	0.000563	0.000563	0.000234	0.000234	0.000234	0.946135
2019.10.29 17:19:40.382	0.000563	0.000891	0.000563	0.000234	0.000563	0.000234	0.000234	0.942520
2019.10.29 17:19:41.382	0.000563	0.000234	0.000234	0.000563	0.000563	0.000234	0.000563	0.942191
2019.10.29 17:19:42.382	0.000891	0.000563	0.000234	0.001220	0.000234	0.000563	0.000234	0.941534
2019.10.29 17:19:43.382	0.000563	0.000563	0.000563	0.000563	0.000234	0.000563	0.000563	0.943177
2019.10.29 17:19:44.382	0.000891	0.000891	0.000234	0.000563	0.000234	0.000234	0.000234	0.941534
2019.10.29 17:19:45.382	0.000563	0.000234	0.000563	0.000563	0.000234	0.000234	0.000563	0.945807
2019.10.29 17:19:46.382	0.000563	0.000563	0.000563	0.000563	0.000234	-0.000095	0.000891	0.944163
2019.10.29 17:19:47.382	0.000563	0.000891	0.000234	0.000891	0.000891	0.000891	0.000891	0.943835
2019.10.29 17:19:48.382	0.000563	0.000563	0.000563	0.000563	0.000234	0.000234	0.000563	0.942191
2019.10.29 17:19:49.382	0.000563	0.000234	0.000563	0.000234	0.000234	0.000563	0.000563	0.943506
2019.10.29 17:19:50.382	0.000563	0.000234	0.000563	0.000563	0.000563	0.000234	0.000563	0.942191
2019.10.29 17:19:51.382	0.000234	0.000891	0.000563	-0.000095	0.000234	0.000563	0.000234	0.941205
2019.10.29 17:19:52.382	-0.000095	0.000563	0.000234	0.000891	0.000234	0.000891	0.000563	0.943506
2019.10.29 17:19:53.382	0.000563	0.000234	0.000563	0.000234	0.000234	0.000891	0.000563	0.944492
2019.10.29 17:19:54.382	0.000563	0.000563	0.000234	0.000234	0.000234	0.000563	0.000891	0.944821
2019.10.29 17:19:55.382	0.000563	0.000563	0.000234	0.000234	0.000234	0.000563	0.000563	0.943506
2019.10.29 17:19:56.382	0.000563	0.000891	0.000891	-0.000095	0.000563	0.000234	0.000234	0.942849
2019.10.29 17:19:57.382	0.000563	0.000563	-0.000095	0.000234	0.000234	0.000234	0.000563	0.939562
2019.10.29 17:19:58.382	0.000563	0.000563	0.000563	0.000563	0.000234	0.000234	0.000234	0.940548
2019.10.29 17:19:59.382	0.000563	0.000234	0.000234	-0.000095	0.000234	-0.000095	0.001220	0.938576
2019.10.29 17:20:00.382	0.000563	0.000563	0.000234	0.000234	-0.000095	0.000234	0.000234	0.940219
2019.10.29 17:20:01.382	0.000563	0.000563	0.000563	0.000563	0.000234	0.000563	0.000234	0.943835
2019.10.29 17:20:02.382	-0.000095	0.000234	0.000563	0.000563	0.000563	0.000234	0.000563	0.943177
2019.10.29 17:20:03.382	0.000563	0.000563	0.000234	0.000563	0.000234	0.000234	0.000234	0.939233
2019.10.29 17:20:04.382	0.000234	0.001220	0.000563	0.000563	0.000891	0.000234	-0.000095	0.939562
2019.10.29 17:20:05.382	-0.000095	0.000234	0.000563	0.000563	0.000234	0.000563	0.000234	0.940548
2019.10.29 17:20:06.382	0.000563	-0.000095	0.000234	0.000234	0.000563	0.000563	0.000234	0.945149
2019.10.29 17:20:07.382	-0.000095	0.000563	0.000563	0.000891	0.000563	0.000563	0.000891	0.940548
2019.10.29 17:20:08.382	0.000563	0.000891	0.000234	0.000234	0.000563	0.000563	0.000563	0.943835
2019.10.29 17:20:09.382	0.000563	0.000891	0.000234	0.000234	0.000563	0.000234	0.000234	0.945807
2019.10.29 17:20:10.382	0.000234	0.000563	0.000563	-0.000095	0.000563	-0.000095	0.000563	0.939891
2019.10.29 17:20:11.382	0.000563	0.000234	0.000563	0.000563	-0.000095	0.000563	-0.000095	0.943506
2019.10.29 17:20:12.382	0.000563	-0.000095	0.000563	0.000891	0.000234	0.000563	0.000563	0.941863
2019.10.29 17:20:13.382	0.000563	0.000563	0.000234	0.000234	0.000234	0.000563	0.000563	0.944492
2019.10.29 17:20:14.382	0.000234	0.000563	0.000234	0.000234	0.000563	0.000234	0.000234	0.941863
2019.10.29 17:20:15.382	0.000563	0.000234	0.000234	0.000563	0.000563	0.000891	0.000563	0.947450
2019.10.29 17:20:16.382	0.000563	0.000234	0.000563	0.000563	0.000234	0.000563	0.000234	0.939891
2019.10.29 17:20:17.382	0.000234	0.000563	0.000563	0.000234	0.000563	0.000234	0.000563	0.941534
2019.10.29 17:20:18.382	0.000234	0.000234	0.000563	0.000891	0.000891	0.000234	0.000563	0.943177
2019.10.29 17:20:19.382	0.000891	0.000563	0.000563	0.000563	0.000563	0.000234	0.000563	0.940219
2019.10.29 17:20:20.382	0.000891	0.000563	0.000563	0.000563	0.000563	0.000891	0.000234	0.943835
2019.10.29 17:20:21.382	0.000563	0.000234	0.000563	0.000234	0.000234	0.000563	0.000563	0.944821
2019.10.29 17:20:22.382	0.000891	0.000563	0.000234	0.000234	0.000563	0.000563	0.000234	0.944821
2019.10.29 17:20:23.382	0.000234	0.000234	0.000234	0.000234	0.000563	0.000234	0.000563	0.939562
2019.10.29 17:20:24.382	0.000234	0.000891	0.000563	0.000563	0.000563	0.000234	0.000563	0.943177
2019.10.29 17:20:25.382	0.000563	0.000234	0.000563	0.000891	0.000234	0.000563	0.000563	0.943177
2019.10.29 17:20:26.382	0.000563	0.000563	0.000234	0.000563	0.000234	0.000234	0.000563	0.940877
2019.10.29 17:20:27.382	0.000563	0.000563	0.000563	0.000563	0.000563	0.000234	0.000891	0.939233
2019.10.29 17:20:28.382	0.000234	0.000563	0.000563	0.000563	0.000234	0.000234	0.000234	0.944163
2019.10.29 17:20:29.382	0.000234	0.000234	0.000891	0.000563	0.000563	0.000234	0.000563	0.945149
2019.10.29 17:20:30.382	0.000234	0.000563	0.000891	0.000563	0.000891	0.000563	0.000234	0.939562
2019.10.29 17:20:31.382	0.000234	0.000234	0.000234	0.000234	0.000563	0.000234	0.000563	0.942520
2019.10.29 17:20:32.382	0.000563	0.000563	0.000563	0.000563	0.000563	0.000563	0.000234	0.943177
2019.10.29 17:20:33.382	0.000234	0.000234	0.000563	0.000234	0.000891	0.000563	0.000563	0.946464
2019.10.29 17:20:34.382	0.000234	0.000563	0.000563	-0.000095	0.000234	0.000563	0.000563	0.943506
2019.10.29 17:20:35.382	0.000563	0.000234	0.000563	0.000234	0.000563	0.000234	0.000234	0.944163
2019.10.29 17:20:36.382	0.000234	0.000563	0.000234	0.000563	-0.000095	0.000563	0.000563	0.942191
2019.10.29 17:20:37.382	0.000563	0.000234	0.000563	0.000234	0.000234	0.000563	0.000563	0.945149
2019.10.29 17:20:38.382	0.000234	0.000234	0.000234	0.000563	-0.000095	0.000891	0.000234	0.937590
2019.10.29 17:20:39.382	0.000563	0.000234	0.000563	0.000563	0.000563	0.000563	0.000563	0.939233
2019.10.29 17:20:40.382	0.000563	0.000563	0.000891	0.000563	0.000563	0.000563	0.000234	0.939891
2019.10.29 17:20:41.382	0.000234	-0.000095	0.000234	0.000563	0.000563	0.000891	-0.000095	0.938247
2019.10.29 17:20:42.382	0.000891	0.000563	0.000563	0.000563	0.000563	0.000234	0.000563	0.942520
2019.10.29 17:20:43.382	0.000891	0.000563	-0.000095	0.000563	0.000563	0.000234	0.000563	0.947121
2019.10.29 17:20:44.382	0.000234	0.000563	0.000563	0.000563	0.000234	0.000563	0.000234	0.938247
2019.10.29 17:20:45.382	0.000563	0.000563	0.000891	0.000234	0.000234	0.000563	0.000563	0.941205
2019.10.29 17:20:46.382	0.000563	0.000563	0.000563	0.000563	0.000234	0.000563	0.000234	0.944492
2019.10.29 17:20:47.382	0.001220	0.000234	0.000563	0.000563	0.000234	0.000563	0.000563	0.945478
2019.10.29 17:20:48.382	0.000891	0.000563	0.000563	0.000234	0.000234	0.000563	0.000563	0.945478
2019.10.29 17:20:49.382	0.000234	-0.000095	-0.000095	0.000563	0.000563	0.000234	0.000563	0.942849
2019.10.29 17:20:50.382	0.000234	0.000563	0.000234	0.000563	0.000563	0.000891	0.000891	0.943506
2019.10.29 17:20:51.382	0.000891	0.000563	0.000234	0.000563	0.000563	0.000234	0.000563	0.940877
2019.10.29 17:20:52.382	0.000234	0.000234	0.000563	0.000563	0.000234	0.000563	0.000563	0.944163
2019.10.29 17:20:53.382	-0.000095	0.000234	0.000891	0.000234	0.000234	0.000563	0.000563	0.941863
2019.10.29 17:20:54.382	0.000563	0.001220	0.000563	0.000563	0.000234	0.000563	0.000234	0.940548
2019.10.29 17:20:55.382	0.000234	0.000891	0.000563	0.000563	0.000234	0.000234	0.000563	0.942191
2019.10.29 17:20:56.382	0.000563	0.000563	0.000234	-0.000095	0.000234	0.000563	0.000234	0.939233
2019.10.29 17:20:57.382	0.000891	0.000234	0.000563	0.000563	0.000234	0.000563	0.000563	0.943177
2019.10.29 17:20:58.382	0.000234	0.000563	0.000563	0.000891	0.000563	-0.000095	0.000234	0.942191
2019.10.29 17:20:59.382	0.000234	0.000563	0.000563	0.000234	0.000563	0.000563	0.000563	0.942849
2019.10.29 17:21:00.382	0.000563	0.000234	0.000891	0.000563	0.000563	0.000234	0.000563	0.942520
2019.10.29 17:21:01.382	0.000563	0.000563	0.000234	0.000891	0.000563	0.000234	0.000563	0.938247
2019.10.29 17:21:02.382	0.000234	0.000234	0.000563	0.000563	0.000563	0.000234	0.000563	0.941863
2019.10.29 17:21:03.382	-0.000095	0.000234	0.000234	0.000891	0.000234	0.000234	0.000234	0.947121
2019.10.29 17:21:04.382	0.000563	0.000563	0.000234	0.000891	0.000563	0.000563	0.000234	0.944163
2019.10.29 17:21:05.382	0.000563	0.000563	0.000563	-0.000095	0.000563	0.000891	0.000234	0.944163
2019.10.29 17:21:06.382	0.000563	0.000891	0.000563	0.000563	0.000891	0.000563	-0.000095	0.944821
2019.10.29 17:21:07.382	0.000234	0.000891	0.000563	0.000563	0.000234	0.000563	0.000563	0.944163
2019.10.29 17:21:08.382	0.000563	0.000234	0.000563	0.000563	0.000234	0.000563	0.000563	0.945807
2019.10.29 17:21:09.382	-0.000095	-0.000095	0.000234	0.000563	0.000563	0.000563	0.000234	0.943177
2019.10.29 17:21:10.382	0.000563	0.000563	0.000563	0.000563	0.000563	0.000563	0.000563	0.940877
2019.10.29 17:21:11.382	0.000563	0.000563	0.000234	0.000891	0.000234	0.000234	0.000234	0.943835
2019.10.29 17:21:12.382	0.000234	0.000563	0.000234	0.000563	0.000563	0.000563	0.000563	0.943177
2019.10.29 17:21:13.382	0.000891	0.000234	0.000563	0.000563	0.000234	0.000234	0.000891	0.941205
2019.10.29 17:21:14.382	0.000563	0.000563	0.000563	0.000563	0.000563	0.000234	0.000234	0.942191
2019.10.29 17:21:15.382	0.000563	0.000563	0.000563	0.000891	0.000234	0.000563	-0.000095	0.943177
2019.10.29 17:21:16.382	0.000563	-0.000095	0.000234	0.000234	0.000234	0.000563	0.000891	0.942849
2019.10.29 17:21:17.382	0.000563	0.000234	0.000563	0.000563	0.000563	-0.000095	0.000563	0.941863
2019.10.29 17:21:18.382	0.000234	0.000563	0.000563	0.000234	0.000563	0.000563	0.000234	0.944163
2019.10.29 17:21:19.382	-0.000095	0.000891	0.000563	0.000563	0.000563	0.000563	0.000563	0.944492
2019.10.29 17:21:20.382	0.001220	0.000563	0.000563	0.000563	0.000563	0.000563	0.000563	0.943835
2019.10.29 17:21:21.382	0.000563	-0.000423	0.000563	0.000563	0.000563	0.000563	0.000234	0.942520
2019.10.29 17:21:22.382	0.000234	0.000234	0.000234	0.000563	0.000234	0.000563	0.000563	0.941863
2019.10.29 17:21:23.382	-0.000095	0.000891	0.000563	0.000234	0.000234	0.000563	0.000563	0.943177
2019.10.29 17:21:24.382	0.000563	0.000234	0.000234	0.000234	0.000563	0.000234	0.000234	0.939562
2019.10.29 17:21:25.382	0.000234	0.000563	0.000563	0.000563	0.000234	0.000563	0.000563	0.942191
2019.10.29 17:21:26.382	0.000234	0.000563	0.000563	0.000234	0.000234	0.000234	0.000563	0.943506
2019.10.29 17:21:27.382	0.000234	0.000563	0.000234	0.000234	0.000234	0.000563	0.000234	0.940219
2019.10.29 17:21:28.382	0.000234	0.000234	0.000563	0.000563	0.000563	-0.000095	0.000234	0.941534
2019.10.29 17:21:29.382	0.000563	0.000563	0.000234	-0.000095	0.000563	0.000563	0.000563	0.943506
2019.10.29 17:21:30.382	0.000563	0.000563	0.000563	0.000234	0.000563	0.000234	0.000563	0.938905
2019.10.29 17:21:31.382	0.000563	0.000563	0.000563	0.000563	0.000234	0.000563	0.000234	0.943835
2019.10.29 17:21:32.382	-0.000095	0.000234	0.000563	0.000563	0.000563	0.000563	0.000234	0.936933
2019.10.29 17:21:33.382	0.000234	0.000563	0.000234	0.000891	0.000563	0.000563	0.000563	0.945149
2019.10.29 17:21:34.382	0.000563	0.000563	0.000234	0.000563	0.000563	0.000563	0.000234	0.946793
2019.10.29 17:21:35.382	0.000563	0.000234	0.000234	0.000563	0.000891	0.000563	0.000563	0.942520
2019.10.29 17:21:36.382	0.000234	0.000891	0.000563	0.000234	0.000234	0.000563	0.000563	0.942520
2019.10.29 17:21:37.382	0.000563	0.000563	0.000563	0.000234	0.000563	0.000891	0.000563	0.944163
2019.10.29 17:21:38.382	0.000563	0.000234	0.000234	0.000563	0.000234	0.000563	-0.000095	0.940877
2019.10.29 17:21:39.382	0.000234	0.000891	0.000234	0.000563	0.000891	0.000234	0.000234	0.943506
2019.10.29 17:21:40.382	0.000563	0.000234	0.000891	-0.000095	0.000891	0.000234	0.000234	0.945807
2019.10.29 17:21:41.382	0.000563	0.000563	0.000563	0.000563	-0.000095	0.000563	0.000563	0.938576
2019.10.29 17:21:42.382	0.000563	0.000234	0.000563	0.000563	0.000234	0.000563	0.000234	0.940219
2019.10.29 17:21:43.382	0.000563	0.000563	0.000563	0.000563	0.000563	0.000563	0.000891	0.942191
2019.10.29 17:21:44.382	0.000234	0.000234	0.000563	0.000563	0.000234	-0.000095	0.000563	0.942520
2019.10.29 17:21:45.382	0.000563	0.000234	0.000563	0.000563	0.000563	0.000234	0.000563	0.944492
2019.10.29 17:21:46.382	0.000234	0.000563	0.000563	0.000563	0.000563	0.000563	0.000234	0.936933
2019.10.29 17:21:47.382	0.000563	0.000563	0.000234	0.000891	0.000563	0.000563	0.000563	0.941863
2019.10.29 17:21:48.382	0.000563	0.000234	0.000563	0.000891	0.000234	0.000563	0.000563	0.940548
2019.10.29 17:21:49.382	0.000563	0.000234	0.000563	0.000234	0.000563	0.000563	0.000234	0.943506
2019.10.29 17:21:50.382	0.000563	0.000563	0.000563	0.000234	0.000891	0.000563	0.000563	0.939891
2019.