Scaling equations	6.5005*x-6.2775	6.3958*x-6.2302	6.4602*x-6.1928	6.5020*x-6.2666	6.4260*x-6.1741	6.4277*x-6.2111	x	x
Timestamp	Analog channel 0	Analog channel 1	Analog channel 2	Analog channel 3	Analog channel 4	Analog channel 5	Analog channel 6	Analog channel 7
2019.10.27 20:05:02.174	-0.002724	-0.001409	-0.002395	-0.003053	-0.003381	-0.001409	-0.001738	-0.003710
2019.10.27 20:05:03.174	-0.003053	-0.002067	-0.001409	-0.002395	-0.003053	-0.002067	-0.001409	-0.002067
2019.10.27 20:05:04.174	-0.002395	-0.003710	-0.002395	-0.001409	-0.001409	-0.003381	-0.003381	-0.001409
2019.10.27 20:05:05.174	-0.003710	-0.002067	-0.001738	-0.003053	-0.003710	-0.002067	-0.001738	-0.002395
2019.10.27 20:05:06.174	-0.003710	-0.003053	-0.001738	-0.002067	-0.003710	-0.003381	-0.001409	-0.002067
2019.10.27 20:05:07.174	-0.001738	-0.003381	-0.002724	-0.001738	-0.002067	-0.003381	-0.003053	-0.001738
2019.10.27 20:05:08.174	-0.001738	-0.001081	-0.002724	-0.003381	-0.001738	-0.001409	-0.003053	-0.002724
2019.10.27 20:05:09.174	-0.003381	-0.003053	-0.001409	-0.002395	-0.002724	-0.003381	-0.001409	-0.001081
2019.10.27 20:05:10.174	-0.003710	-0.003053	-0.001738	-0.001409	-0.003710	-0.003053	-0.001738	-0.001738
2019.10.27 20:05:11.174	-0.003053	-0.002067	-0.001409	-0.002067	-0.003053	-0.002395	-0.001409	-0.001738
2019.10.27 20:05:12.174	-0.000423	-0.003053	-0.003053	-0.002724	-0.000752	-0.002395	-0.003053	-0.002395
2019.10.27 20:05:13.174	-0.003053	-0.003053	-0.000423	-0.002067	-0.003053	-0.003381	-0.000752	-0.002067
2019.10.27 20:05:14.174	-0.003053	-0.003381	-0.002724	-0.000423	-0.002067	-0.003381	-0.002724	-0.000752
2019.10.27 20:05:15.174	-0.003381	-0.002724	-0.000423	-0.002395	-0.003381	-0.002724	-0.000423	-0.002395
2019.10.27 20:05:16.174	-0.001738	-0.001081	-0.002724	-0.002724	-0.001081	-0.001738	-0.002724	-0.002724
2019.10.27 20:05:17.174	-0.002724	-0.003710	-0.002067	-0.002067	-0.003053	-0.003381	-0.002724	-0.001409
2019.10.27 20:05:18.174	-0.002724	-0.003381	-0.002724	-0.001409	-0.002395	-0.003710	-0.002724	-0.001738
2019.10.27 20:05:19.174	-0.001738	-0.003053	-0.002724	-0.001409	-0.001738	-0.002724	-0.002395	-0.001738
2019.10.27 20:05:20.174	-0.003710	-0.001738	-0.001081	-0.002395	-0.002724	-0.002067	-0.001409	-0.001409
2019.10.27 20:05:21.174	-0.002724	-0.003710	-0.001738	-0.001738	-0.002395	-0.003710	-0.002395	-0.001409
2019.10.27 20:05:22.174	-0.002395	-0.001738	-0.002067	-0.003710	-0.002724	-0.001409	-0.002395	-0.004039
2019.10.27 20:05:23.174	-0.002395	-0.003053	-0.002067	-0.000752	-0.002067	-0.002724	-0.002395	-0.001081
2019.10.27 20:05:24.174	-0.003053	-0.003381	-0.002724	-0.001081	-0.002724	-0.003053	-0.002395	-0.000095
2019.10.27 20:05:25.174	-0.002067	-0.001081	-0.002395	-0.002724	-0.002395	-0.001081	-0.001738	-0.003053
2019.10.27 20:05:26.174	-0.001738	-0.002067	-0.003381	-0.003053	-0.001738	-0.002067	-0.003710	-0.003053
2019.10.27 20:05:27.174	-0.002067	-0.003053	-0.003053	-0.000423	-0.001738	-0.003053	-0.003053	-0.000752
2019.10.27 20:05:28.174	-0.002724	-0.001738	-0.002067	-0.003710	-0.002724	-0.001738	-0.002067	-0.003381
2019.10.27 20:05:29.174	-0.001738	-0.003053	-0.003053	-0.001409	-0.001409	-0.002724	-0.002395	-0.000752
2019.10.27 20:05:30.174	-0.002724	-0.000423	-0.002395	-0.003381	-0.003053	-0.000423	-0.001738	-0.003053
2019.10.27 20:05:31.174	-0.001409	-0.001738	-0.003053	-0.002724	-0.001409	-0.001409	-0.003381	-0.002724
2019.10.27 20:05:32.174	-0.001738	-0.001081	-0.002724	-0.003053	-0.002067	-0.001409	-0.002395	-0.002724
2019.10.27 20:05:33.174	-0.002067	-0.003381	-0.003381	-0.001409	-0.001738	-0.002724	-0.003381	-0.001081
2019.10.27 20:05:34.174	-0.002395	-0.001738	-0.003053	-0.003053	-0.001738	-0.001081	-0.002395	-0.002395
2019.10.27 20:05:35.174	-0.000423	-0.003053	-0.002724	-0.002724	-0.000423	-0.002395	-0.003053	-0.003053
2019.10.27 20:05:36.174	-0.003053	-0.002395	-0.001081	-0.002067	-0.003053	-0.002724	-0.001409	-0.002067
2019.10.27 20:05:37.174	-0.001409	-0.001738	-0.003053	-0.003381	-0.001738	-0.001081	-0.003053	-0.003710
2019.10.27 20:05:38.174	-0.003053	-0.002067	-0.001081	-0.002724	-0.003053	-0.002395	-0.000423	-0.002067
2019.10.27 20:05:39.174	-0.003053	-0.000423	-0.002724	-0.003053	-0.003053	-0.000423	-0.002067	-0.003053
2019.10.27 20:05:40.174	-0.002067	-0.001081	-0.002395	-0.003381	-0.002724	-0.000752	-0.002395	-0.003053
2019.10.27 20:05:41.174	-0.001738	-0.001409	-0.003053	-0.003053	-0.000752	-0.001738	-0.003381	-0.003053
2019.10.27 20:05:42.174	-0.001081	-0.002724	-0.003381	-0.002067	-0.001409	-0.002724	-0.003053	-0.002067
2019.10.27 20:05:43.174	-0.003710	-0.003053	-0.001409	-0.002067	-0.003381	-0.003053	-0.001409	-0.002067
2019.10.27 20:05:44.174	-0.003381	-0.000752	-0.001738	-0.003053	-0.003710	-0.001081	-0.001409	-0.003053
2019.10.27 20:05:45.174	-0.002067	-0.002724	-0.002724	-0.001409	-0.001081	-0.002724	-0.003053	-0.001738
2019.10.27 20:05:46.174	-0.002724	-0.000095	-0.002395	-0.003053	-0.002724	-0.000095	-0.002067	-0.003381
2019.10.27 20:05:47.174	-0.001409	-0.003381	-0.003710	-0.001738	-0.000752	-0.003053	-0.003381	-0.001738
2019.10.27 20:05:48.174	-0.001738	-0.003053	-0.003710	-0.001409	-0.002067	-0.002724	-0.003381	-0.002067
2019.10.27 20:05:49.174	-0.002724	-0.001738	-0.001081	-0.003053	-0.003381	-0.002395	-0.001081	-0.003053
2019.10.27 20:05:50.174	-0.003053	-0.003381	-0.002067	-0.001081	-0.002724	-0.002724	-0.001738	-0.001409
2019.10.27 20:05:51.174	-0.002724	-0.001081	-0.001738	-0.002724	-0.002395	-0.001409	-0.001738	-0.002724
2019.10.27 20:05:52.174	-0.002724	-0.003710	-0.002724	-0.001409	-0.002395	-0.003710	-0.002395	-0.001409
2019.10.27 20:05:53.174	-0.003053	-0.003710	-0.002395	-0.001409	-0.002395	-0.003710	-0.002724	-0.001409
2019.10.27 20:05:54.174	-0.002724	-0.001409	-0.001738	-0.003053	-0.002395	-0.001409	-0.002067	-0.002724
2019.10.27 20:05:55.174	-0.001738	-0.002724	-0.003053	-0.001738	-0.001738	-0.002724	-0.003053	-0.001409
2019.10.27 20:05:56.174	-0.001738	-0.002724	-0.002724	-0.001409	-0.001738	-0.003053	-0.002395	-0.001081
2019.10.27 20:05:57.174	-0.002395	-0.003053	-0.003381	-0.000095	-0.002067	-0.002724	-0.003053	-0.000423
2019.10.27 20:05:58.174	-0.002724	-0.002067	-0.001081	-0.002395	-0.003053	-0.002395	-0.001409	-0.002067
2019.10.27 20:05:59.174	-0.000095	-0.002724	-0.003053	-0.002724	-0.000752	-0.001738	-0.003053	-0.003053
2019.10.27 20:06:00.174	-0.003053	-0.001409	-0.002067	-0.003710	-0.003053	-0.001738	-0.002067	-0.003381
2019.10.27 20:06:01.174	-0.002724	-0.002067	-0.001081	-0.002724	-0.003381	-0.002067	-0.000752	-0.003053
2019.10.27 20:06:02.174	-0.001738	-0.003053	-0.002395	-0.001409	-0.001738	-0.002395	-0.003053	-0.002395
2019.10.27 20:06:03.174	-0.001081	-0.002395	-0.002724	-0.002395	-0.001409	-0.002395	-0.003381	-0.002067
2019.10.27 20:06:04.174	-0.003710	-0.003381	-0.001409	-0.001409	-0.003053	-0.003053	-0.001409	-0.001409
2019.10.27 20:06:05.174	-0.002067	-0.002724	-0.003381	-0.001409	-0.001738	-0.003381	-0.003381	-0.001738
2019.10.27 20:06:06.174	-0.003053	-0.001738	-0.001081	-0.002724	-0.003381	-0.001738	-0.001081	-0.002724
2019.10.27 20:06:07.174	-0.001738	-0.003053	-0.002067	-0.001738	-0.001738	-0.003053	-0.002395	-0.001081
2019.10.27 20:06:08.174	-0.001738	-0.002724	-0.002067	-0.001081	-0.002395	-0.002724	-0.002395	-0.001409
2019.10.27 20:06:09.174	-0.003381	-0.002067	-0.000752	-0.002395	-0.003053	-0.002067	-0.001409	-0.002395
2019.10.27 20:06:10.174	-0.001409	-0.002724	-0.003710	-0.001409	-0.000752	-0.002395	-0.003053	-0.001738
2019.10.27 20:06:11.174	-0.001081	-0.002067	-0.004039	-0.003053	-0.001738	-0.002067	-0.003710	-0.003053
2019.10.27 20:06:12.174	-0.002724	-0.003710	-0.001738	-0.001081	-0.003381	-0.003053	-0.002067	-0.001081
2019.10.27 20:06:13.174	-0.003381	-0.003710	-0.002395	-0.001738	-0.002395	-0.003710	-0.002724	-0.001738
2019.10.27 20:06:14.174	-0.003053	-0.003381	-0.002067	-0.001081	-0.002724	-0.003053	-0.002067	-0.001738
2019.10.27 20:06:15.174	-0.001409	-0.003381	-0.003053	-0.002395	-0.000423	-0.003053	-0.003053	-0.002067
2019.10.27 20:06:16.174	-0.003053	-0.002395	-0.001081	-0.002395	-0.003053	-0.002395	-0.001738	-0.001409
2019.10.27 20:06:17.174	-0.001409	-0.001738	-0.003381	-0.003053	-0.001409	-0.001738	-0.003710	-0.003381
2019.10.27 20:06:18.174	-0.002067	-0.003381	-0.003710	-0.000752	-0.001738	-0.002724	-0.003053	-0.003381
2019.10.27 20:06:19.174	-0.002067	-0.003381	-0.003053	-0.001409	-0.002067	-0.003381	-0.003053	-0.001738
2019.10.27 20:06:20.174	-0.004039	-0.001738	-0.001409	-0.002724	-0.003053	-0.003381	-0.002067	-0.001081
2019.10.27 20:06:21.174	-0.003053	-0.003053	-0.002067	-0.001081	-0.003053	-0.003053	-0.002067	-0.001081
2019.10.27 20:06:22.174	-0.003053	-0.000423	-0.002395	-0.003381	-0.003053	-0.000423	-0.001738	-0.003053
2019.10.27 20:06:23.174	-0.001738	-0.003381	-0.003053	-0.001738	-0.002067	-0.003381	-0.003381	-0.001409
2019.10.27 20:06:24.174	-0.003381	-0.002724	-0.000095	-0.002067	-0.003381	-0.002724	-0.000423	-0.002395
2019.10.27 20:06:25.174	-0.002067	-0.003053	-0.003053	-0.000752	-0.002067	-0.003381	-0.003381	-0.000752
2019.10.27 20:06:26.174	-0.002067	-0.000752	-0.002724	-0.003381	-0.002067	-0.001081	-0.003053	-0.003381
2019.10.27 20:06:27.174	-0.002395	-0.003053	-0.002395	-0.001081	-0.002067	-0.002724	-0.001738	-0.001081
2019.10.27 20:06:28.174	-0.003053	-0.003053	-0.002067	-0.001409	-0.002395	-0.003053	-0.002067	-0.001081
2019.10.27 20:06:29.174	-0.001081	-0.002067	-0.003381	-0.003053	-0.000423	-0.002724	-0.003381	-0.002724
2019.10.27 20:06:30.174	-0.003381	-0.001409	-0.001738	-0.003053	-0.003381	-0.001738	-0.001409	-0.003053
2019.10.27 20:06:31.174	-0.001409	-0.003381	-0.003053	-0.001738	-0.001738	-0.003053	-0.003053	-0.001409
2019.10.27 20:06:32.174	-0.001081	-0.002067	-0.003053	-0.002724	-0.001409	-0.002067	-0.003381	-0.003053
2019.10.27 20:06:33.174	-0.003053	-0.001738	-0.001409	-0.002724	-0.003053	-0.002067	-0.000752	-0.002067
2019.10.27 20:06:34.174	-0.002395	-0.001081	-0.001738	-0.003053	-0.003053	-0.001409	-0.001081	-0.003381
2019.10.27 20:06:35.174	-0.002724	-0.001409	-0.001738	-0.003053	-0.002724	-0.001409	-0.001081	-0.002724
2019.10.27 20:06:36.174	-0.003710	-0.001738	-0.001409	-0.002395	-0.002724	-0.001738	-0.000752	-0.002067
2019.10.27 20:06:37.174	-0.003710	-0.002724	-0.001738	-0.002067	-0.003710	-0.002395	-0.001409	-0.002395
2019.10.27 20:06:38.174	-0.002724	-0.001409	-0.002395	-0.003710	-0.002724	-0.001738	-0.002067	-0.003710
2019.10.27 20:06:39.174	-0.003053	-0.003053	-0.000423	-0.002067	-0.002724	-0.003053	-0.000752	-0.001409
2019.10.27 20:06:40.174	-0.002724	-0.001081	-0.001738	-0.002724	-0.003053	-0.001081	-0.001738	-0.003053
2019.10.27 20:06:41.174	-0.002724	-0.001409	-0.002067	-0.003381	-0.002724	-0.001738	-0.001738	-0.003053
2019.10.27 20:06:42.174	-0.001081	-0.002067	-0.003053	-0.002724	-0.001409	-0.002067	-0.002724	-0.002395
2019.10.27 20:06:43.174	-0.002395	-0.003381	-0.002395	0.000234	-0.002067	-0.003053	-0.003381	-0.000095
2019.10.27 20:06:44.174	-0.003381	-0.003381	-0.001409	-0.001738	-0.002724	-0.003381	-0.001409	-0.001738
2019.10.27 20:06:45.174	-0.003053	-0.001409	-0.001738	-0.003710	-0.003053	-0.001738	-0.001738	-0.003381
2019.10.27 20:06:46.174	-0.002395	-0.003381	-0.002724	-0.001409	-0.002395	-0.003381	-0.002724	-0.001738
2019.10.27 20:06:47.174	-0.001081	-0.002724	-0.002724	-0.002067	-0.001081	-0.002724	-0.002724	-0.002395
2019.10.27 20:06:48.174	-0.003053	-0.001409	-0.001738	-0.003381	-0.003381	-0.001738	-0.001738	-0.003381
2019.10.27 20:06:49.174	-0.003053	-0.003053	-0.002067	-0.002067	-0.003710	-0.003381	-0.001738	-0.001409
2019.10.27 20:06:50.174	-0.002067	-0.003381	-0.003381	-0.000423	-0.002067	-0.003053	-0.003381	-0.000752
2019.10.27 20:06:51.174	-0.001738	-0.001409	-0.002724	-0.003381	-0.001738	-0.001738	-0.002395	-0.003381
2019.10.27 20:06:52.174	-0.000423	-0.002395	-0.003381	-0.003053	-0.000095	-0.002067	-0.003053	-0.003053
2019.10.27 20:06:53.174	-0.000095	-0.001738	-0.003381	-0.003053	0.000234	-0.001738	-0.003053	-0.003053
2019.10.27 20:06:54.174	-0.004039	-0.003053	-0.001409	-0.001738	-0.003381	-0.003053	-0.001409	-0.002395
2019.10.27 20:06:55.174	-0.002395	-0.003710	-0.002724	-0.001738	-0.002395	-0.003381	-0.002724	-0.001409
2019.10.27 20:06:56.174	-0.001409	-0.003053	-0.002724	-0.001081	-0.001409	-0.003053	-0.003053	-0.001081
2019.10.27 20:06:57.174	-0.002067	-0.003053	-0.003053	-0.000423	-0.002067	-0.003381	-0.003381	-0.000423
2019.10.27 20:06:58.174	-0.003381	-0.001738	-0.001409	-0.003053	-0.003381	-0.001738	-0.001738	-0.003381
2019.10.27 20:06:59.174	-0.001738	-0.002724	-0.002724	-0.001081	-0.001738	-0.003053	-0.002395	-0.001081
2019.10.27 20:07:00.174	-0.003053	-0.000095	-0.002395	-0.003053	-0.002724	-0.000095	-0.002067	-0.003053
2019.10.27 20:07:01.174	-0.003710	-0.003053	-0.001738	-0.002395	-0.003053	-0.002724	-0.001738	-0.002067
2019.10.27 20:07:02.174	-0.003053	-0.001738	-0.001081	-0.002724	-0.002724	-0.001409	-0.001081	-0.002395
2019.10.27 20:07:03.174	-0.002067	-0.003381	-0.003053	-0.001409	-0.001738	-0.003381	-0.003053	-0.001409
2019.10.27 20:07:04.174	-0.001081	-0.002067	-0.003053	-0.002724	-0.001409	-0.001738	-0.002724	-0.002395
2019.10.27 20:07:05.174	-0.002395	-0.002724	-0.002395	-0.001081	-0.002724	-0.003053	-0.001738	-0.000752
2019.10.27 20:07:06.174	-0.002067	-0.001409	-0.003053	-0.003381	-0.001738	-0.001409	-0.003053	-0.003053
2019.10.27 20:07:07.174	-0.002395	-0.001409	-0.001738	-0.003710	-0.003053	-0.001738	-0.002395	-0.003381
2019.10.27 20:07:08.174	-0.000423	-0.002067	-0.003710	-0.003053	-0.000423	-0.002067	-0.003053	-0.002724
2019.10.27 20:07:09.174	-0.003381	-0.001081	-0.001409	-0.003053	-0.003710	-0.001738	-0.001409	-0.002724
2019.10.27 20:07:10.174	-0.001738	-0.003710	-0.002724	-0.001738	-0.002067	-0.003381	-0.002724	-0.001409
2019.10.27 20:07:11.174	-0.003381	-0.003381	-0.001409	-0.001738	-0.003381	-0.003381	-0.001409	-0.002067
2019.10.27 20:07:12.174	-0.001409	-0.002724	-0.003710	-0.001738	-0.001409	-0.002724	-0.003381	-0.001738
2019.10.27 20:07:13.174	-0.003381	-0.003381	-0.000752	-0.002067	-0.003381	-0.003381	-0.000752	-0.002395
2019.10.27 20:07:14.174	-0.003053	-0.001738	-0.001409	-0.003053	-0.003381	-0.001738	-0.001409	-0.002067
2019.10.27 20:07:15.174	-0.001409	-0.001738	-0.002724	-0.002724	-0.001409	-0.001738	-0.002724	-0.003053
2019.10.27 20:07:16.174	-0.003710	-0.003053	-0.002067	-0.001081	-0.003381	-0.003053	-0.001409	-0.001081
2019.10.27 20:07:17.174	-0.000423	-0.003053	-0.003381	-0.002067	-0.000423	-0.002395	-0.003381	-0.002724
2019.10.27 20:07:18.174	-0.001409	-0.003053	-0.003053	-0.001409	-0.000752	-0.002724	-0.003381	-0.001409
2019.10.27 20:07:19.174	-0.003053	-0.002395	-0.001081	-0.001738	-0.003053	-0.002395	-0.001409	-0.001409
2019.10.27 20:07:20.174	-0.002724	-0.002067	-0.001409	-0.002067	-0.003381	-0.002067	-0.001409	-0.002067
2019.10.27 20:07:21.174	-0.003053	-0.002395	-0.001409	-0.001409	-0.002724	-0.002067	-0.001738	-0.001409
2019.10.27 20:07:22.174	-0.001409	-0.002067	-0.003053	-0.002067	-0.001081	-0.001738	-0.003053	-0.002067
2019.10.27 20:07:23.174	-0.002067	-0.001409	-0.002067	-0.003053	-0.002395	-0.001081	-0.002067	-0.003053
2019.10.27 20:07:24.174	-0.003381	-0.003381	-0.001081	-0.001738	-0.003381	-0.003710	-0.001738	-0.002067
2019.10.27 20:07:25.174	-0.001738	-0.003053	-0.002724	-0.001409	-0.001409	-0.003053	-0.002724	-0.002067
2019.10.27 20:07:26.174	-0.002067	-0.003381	-0.003053	-0.001738	-0.001738	-0.003381	-0.003053	-0.001409
2019.10.27 20:07:27.174	-0.002724	-0.002724	-0.002724	-0.001409	-0.002395	-0.002724	-0.002067	-0.001081
2019.10.27 20:07:28.174	-0.001409	-0.001738	-0.003053	-0.002724	-0.001738	-0.001081	-0.003053	-0.003053
2019.10.27 20:07:29.174	-0.002067	-0.004039	-0.003053	-0.001738	-0.002067	-0.003053	-0.003381	-0.002067
2019.10.27 20:07:30.174	-0.002724	-0.002395	-0.001081	-0.002395	-0.002724	-0.002067	-0.001081	-0.001738
2019.10.27 20:07:31.174	-0.002395	-0.002724	-0.002067	-0.001081	-0.002395	-0.003053	-0.002395	-0.001081
2019.10.27 20:07:32.174	-0.001738	-0.002067	-0.003710	-0.002724	-0.001409	-0.002067	-0.003381	-0.002724
2019.10.27 20:07:33.174	-0.003053	-0.003053	-0.001738	-0.001081	-0.002724	-0.003053	-0.001738	-0.001081
2019.10.27 20:07:34.174	-0.003053	-0.000752	-0.001738	-0.003053	-0.003381	-0.000752	-0.001738	-0.003053
2019.10.27 20:07:35.174	-0.001738	-0.001409	-0.002724	-0.003710	-0.001738	-0.001409	-0.002724	-0.003053
2019.10.27 20:07:36.174	-0.003381	-0.001738	-0.001738	-0.003381	-0.003053	-0.001409	-0.001738	-0.003381
2019.10.27 20:07:37.174	-0.002395	-0.003053	-0.002067	-0.001081	-0.002724	-0.003053	-0.001738	-0.001409
2019.10.27 20:07:38.174	-0.002724	-0.001081	-0.001738	-0.003381	-0.002724	-0.001738	-0.001409	-0.003053
2019.10.27 20:07:39.174	-0.002395	-0.003381	-0.003053	-0.000752	-0.002067	-0.003381	-0.002724	-0.000752
2019.10.27 20:07:40.174	-0.003053	-0.001738	-0.001409	-0.002724	-0.003053	-0.001738	-0.001081	-0.002395
2019.10.27 20:07:41.174	-0.001081	-0.002067	-0.003053	-0.002724	-0.001081	-0.001409	-0.003053	-0.002724
2019.10.27 20:07:42.174	-0.003053	-0.000095	-0.002067	-0.003053	-0.003053	-0.000423	-0.002067	-0.002724
2019.10.27 20:07:43.174	-0.002395	-0.001081	-0.001738	-0.002395	-0.002724	-0.001081	-0.002067	-0.003053
2019.10.27 20:07:44.174	-0.001738	-0.003053	-0.002067	-0.001081	-0.001409	-0.003053	-0.002724	-0.001081
2019.10.27 20:07:45.174	-0.004039	-0.002067	-0.001409	-0.002395	-0.004367	-0.002395	-0.001409	-0.002067
2019.10.27 20:07:46.174	-0.003710	-0.002395	-0.000423	-0.002724	-0.003381	-0.002724	-0.000423	-0.002395
2019.10.27 20:07:47.174	-0.002395	-0.002724	-0.002395	-0.001081	-0.002395	-0.002724	-0.001738	-0.001409
2019.10.27 20:07:48.174	-0.001738	-0.002724	-0.003710	-0.003053	-0.001738	-0.002724	-0.003710	-0.003053
2019.10.27 20:07:49.174	-0.003053	-0.001409	-0.001738	-0.002724	-0.002724	-0.001081	-0.001409	-0.003381
2019.10.27 20:07:50.174	-0.003381	-0.001738	-0.001738	-0.003053	-0.003381	-0.001738	-0.001738	-0.003053
2019.10.27 20:07:51.174	-0.001409	-0.002724	-0.003710	-0.002724	-0.001738	-0.002395	-0.003381	-0.002724
2019.10.27 20:07:52.174	-0.002395	-0.001409	-0.002724	-0.002724	-0.002067	-0.001081	-0.002067	-0.002724
2019.10.27 20:07:53.174	-0.003381	-0.002395	-0.001409	-0.001409	-0.003053	-0.002724	-0.001738	-0.001409
2019.10.27 20:07:54.174	-0.002067	-0.000752	-0.003053	-0.003381	-0.001738	-0.000752	-0.003053	-0.003053
2019.10.27 20:07:55.174	-0.001738	-0.003053	-0.002395	-0.001081	-0.001409	-0.002724	-0.003053	-0.002067
2019.10.27 20:07:56.174	-0.001081	-0.001738	-0.002724	-0.003381	-0.001409	-0.002067	-0.003053	-0.003053
2019.10.27 20:07:57.174	-0.003381	-0.003053	-0.000095	-0.002395	-0.003053	-0.003381	-0.000752	-0.001738
2019.10.27 20:07:58.174	-0.002395	-0.001409	-0.001738	-0.002724	-0.002724	-0.001738	-0.001738	-0.002724
2019.10.27 20:07:59.174	-0.003053	0.000234	-0.002395	-0.003381	-0.003381	-0.000423	-0.002067	-0.003053
2019.10.27 20:08:00.174	-0.001409	-0.002067	-0.003053	-0.002395	-0.001081	-0.001738	-0.003053	-0.002395
2019.10.27 20:08:01.174	-0.002395	-0.000752	-0.002395	-0.003053	-0.002395	-0.000423	-0.002724	-0.003381
2019.10.27 20:08:02.174	-0.001081	-0.001409	-0.002724	-0.002724	-0.001409	-0.001409	-0.002724	-0.002724
2019.10.27 20:08:03.174	-0.003381	-0.002724	-0.000752	-0.002395	-0.003710	-0.002724	-0.000095	-0.002724
2019.10.27 20:08:04.174	-0.002724	-0.003381	-0.002067	-0.001409	-0.002724	-0.003053	-0.002067	-0.001409
2019.10.27 20:08:05.174	-0.001409	-0.003053	-0.002724	-0.002067	-0.001081	-0.002724	-0.003053	-0.002724
2019.10.27 20:08:06.174	-0.002724	-0.001081	-0.001081	-0.003053	-0.003053	-0.001409	-0.001738	-0.003053
2019.10.27 20:08:07.174	-0.003053	-0.002067	-0.001409	-0.002067	-0.003053	-0.002724	-0.001081	-0.002067
2019.10.27 20:08:08.174	-0.001081	-0.002067	-0.003381	-0.002395	-0.001081	-0.002067	-0.002724	-0.002724
2019.10.27 20:08:09.174	-0.000752	-0.002067	-0.003381	-0.003053	-0.000095	-0.001738	-0.003381	-0.003053
2019.10.27 20:08:10.174	-0.003053	-0.003710	-0.001738	-0.001409	-0.003053	-0.004039	-0.003053	-0.001081
2019.10.27 20:08:11.174	-0.002724	-0.001738	-0.002395	-0.003381	-0.002724	-0.001409	-0.002395	-0.003710
2019.10.27 20:08:12.174	-0.003053	-0.003053	-0.001738	-0.000752	-0.002724	-0.003053	-0.001738	-0.001081
2019.10.27 20:08:13.174	-0.003053	-0.002724	0.000234	-0.002395	-0.003381	-0.003381	-0.000095	-0.002724
2019.10.27 20:08:14.174	-0.001409	-0.002067	-0.003381	-0.003053	-0.000752	-0.002067	-0.003710	-0.002724
2019.10.27 20:08:15.174	-0.002395	-0.001081	-0.001409	-0.003053	-0.002067	-0.001081	-0.001738	-0.003053
2019.10.27 20:08:16.174	-0.002395	-0.001409	-0.001738	-0.002724	-0.002395	-0.001081	-0.001738	-0.002724
2019.10.27 20:08:17.174	-0.000423	-0.002395	-0.003053	-0.003053	-0.000095	-0.002395	-0.003053	-0.002724
2019.10.27 20:08:18.174	-0.001409	-0.001738	-0.003710	-0.003381	-0.001409	-0.001409	-0.003053	-0.003053
2019.10.27 20:08:19.174	-0.002724	-0.003710	-0.001738	-0.001738	-0.002724	-0.003381	-0.002067	-0.001738
2019.10.27 20:08:20.174	-0.003053	-0.003053	-0.002067	-0.001409	-0.002724	-0.003381	-0.002067	-0.001081
2019.10.27 20:08:21.174	-0.001081	-0.002067	-0.004039	-0.003053	-0.001081	-0.002067	-0.003381	-0.002724
2019.10.27 20:08:22.174	-0.003381	-0.000423	-0.002067	-0.003053	-0.003053	-0.000095	-0.002067	-0.003381
2019.10.27 20:08:23.174	-0.001738	-0.001738	-0.003710	-0.002395	-0.001409	-0.001409	-0.003053	-0.002395
2019.10.27 20:08:24.174	-0.003710	-0.001409	-0.001738	-0.002724	-0.003381	-0.001409	-0.002067	-0.002724
2019.10.27 20:08:25.174	-0.003053	-0.003710	-0.003053	-0.001409	-0.001738	-0.003053	-0.003381	-0.001738
2019.10.27 20:08:26.174	-0.002395	-0.001409	-0.002067	-0.002724	-0.002395	-0.001409	-0.001738	-0.003381
2019.10.27 20:08:27.174	-0.001081	-0.002724	-0.003710	-0.002395	-0.001081	-0.003053	-0.003053	-0.002067
2019.10.27 20:08:28.174	-0.000752	-0.002067	-0.003053	-0.002395	-0.001081	-0.002067	-0.003053	-0.002067
2019.10.27 20:08:29.174	-0.003053	-0.002724	-0.000752	-0.002395	-0.003053	-0.003710	-0.001738	-0.001738
2019.10.27 20:08:30.174	-0.003053	-0.000423	-0.002395	-0.003381	-0.003053	-0.000752	-0.002067	-0.003053
2019.10.27 20:08:31.174	-0.004039	-0.001738	-0.001738	-0.003053	-0.003381	-0.001738	-0.001409	-0.003053
2019.10.27 20:08:32.174	-0.003053	-0.003381	-0.002067	-0.001081	-0.003053	-0.002724	-0.002395	-0.000423
2019.10.27 20:08:33.174	-0.001081	-0.002067	-0.002724	-0.003381	-0.001409	-0.001738	-0.002724	-0.003381
2019.10.27 20:08:34.174	-0.001738	-0.003381	-0.003381	-0.001738	-0.001738	-0.002395	-0.003381	-0.002067
2019.10.27 20:08:35.174	-0.003381	-0.002395	-0.001738	-0.002395	-0.004039	-0.002724	-0.001738	-0.002724
2019.10.27 20:08:36.174	-0.003053	-0.001738	-0.001409	-0.002724	-0.003053	-0.001409	-0.000752	-0.003053
2019.10.27 20:08:37.174	-0.003710	-0.003053	-0.000752	-0.002067	-0.003381	-0.003381	-0.000752	-0.002067
2019.10.27 20:08:38.174	-0.003710	-0.003053	-0.001409	-0.002067	-0.003381	-0.002395	-0.001409	-0.002395
2019.10.27 20:08:39.174	-0.003053	-0.003710	-0.001738	-0.001081	-0.002724	-0.003053	-0.002395	-0.001081
2019.10.27 20:08:40.174	-0.002395	-0.000752	-0.001409	-0.002724	-0.002724	-0.001409	-0.002067	-0.002724
2019.10.27 20:08:41.174	-0.002724	-0.003710	-0.001409	-0.001081	-0.002724	-0.002724	-0.002067	-0.001081
2019.10.27 20:08:42.174	-0.002067	-0.001081	-0.002067	-0.003053	-0.002395	-0.001409	-0.002067	-0.003053
2019.10.27 20:08:43.174	-0.001738	-0.002724	-0.002724	-0.002067	-0.001081	-0.003053	-0.003053	-0.001409
2019.10.27 20:08:44.174	-0.000423	-0.001738	-0.003053	-0.003053	-0.001081	-0.001738	-0.003053	-0.003053
2019.10.27 20:08:45.174	-0.003710	-0.001738	-0.001738	-0.003381	-0.003710	-0.001738	-0.002067	-0.003053
2019.10.27 20:08:46.174	-0.002724	-0.001409	-0.002067	-0.003381	-0.002395	-0.001081	-0.001738	-0.003053
2019.10.27 20:08:47.174	-0.001409	-0.002067	-0.003381	-0.003053	-0.001738	-0.002067	-0.003381	-0.003381
2019.10.27 20:08:48.174	-0.002724	-0.002067	-0.000752	-0.003053	-0.003053	-0.002067	-0.001081	-0.002395
2019.10.27 20:08:49.174	-0.002724	-0.003381	-0.003381	-0.000095	-0.001738	-0.003381	-0.002724	-0.000423
2019.10.27 20:08:50.174	-0.002724	-0.002395	-0.001738	-0.001409	-0.003053	-0.002724	-0.001738	-0.001409
2019.10.27 20:08:51.174	-0.002067	-0.003053	-0.003053	-0.000423	-0.002067	-0.003053	-0.003381	-0.000423
2019.10.27 20:08:52.174	-0.002067	-0.003053	-0.002724	-0.002067	-0.001409	-0.003053	-0.002724	-0.001738
2019.10.27 20:08:53.174	-0.003053	-0.002067	-0.001081	-0.002067	-0.003053	-0.002724	-0.001409	-0.001738
2019.10.27 20:08:54.174	-0.003381	-0.003053	-0.000752	-0.002067	-0.003381	-0.003053	-0.000095	-0.001738
2019.10.27 20:08:55.174	-0.002724	-0.000095	-0.002395	-0.003381	-0.003053	-0.000423	-0.002395	-0.003710
2019.10.27 20:08:56.174	-0.001081	-0.001409	-0.002724	-0.003381	-0.001738	-0.001081	-0.002724	-0.003710
2019.10.27 20:08:57.174	-0.002395	-0.003381	-0.003053	-0.001081	-0.002067	-0.003381	-0.003053	-0.001409
2019.10.27 20:08:58.174	-0.003053	-0.000423	-0.002067	-0.003710	-0.003381	-0.000752	-0.001738	-0.003381
2019.10.27 20:08:59.174	-0.002067	-0.003053	-0.002395	-0.001081	-0.002067	-0.002724	-0.002395	-0.001409
2019.10.27 20:09:00.174	-0.003381	-0.001409	-0.001738	-0.002724	-0.003710	-0.001738	-0.001409	-0.002067
2019.10.27 20:09:01.174	-0.003710	-0.002067	-0.001081	-0.003053	-0.003710	-0.001738	-0.001409	-0.003053
2019.10.27 20:09:02.174	-0.001409	-0.003053	-0.003710	-0.001738	-0.001409	-0.002395	-0.002724	-0.002395
2019.10.27 20:09:03.174	-0.001409	-0.003053	-0.003053	-0.002724	-0.001738	-0.002395	-0.003381	-0.002067
2019.10.27 20:09:04.174	-0.000423	-0.002067	-0.002724	-0.003053	-0.000752	-0.002067	-0.002724	-0.003710
2019.10.27 20:09:05.174	-0.002395	-0.003381	-0.003053	-0.001409	-0.002395	-0.003710	-0.003053	-0.001409
2019.10.27 20:09:06.174	-0.000752	-0.002724	-0.003710	-0.002067	-0.000752	-0.002724	-0.003381	-0.002395
2019.10.27 20:09:07.174	-0.003381	-0.003053	-0.001738	-0.001738	-0.003053	-0.003710	-0.001409	-0.001738
2019.10.27 20:09:08.174	-0.000423	-0.002724	-0.003053	-0.002395	-0.000095	-0.002395	-0.003381	-0.003053
2019.10.27 20:09:09.174	-0.003053	-0.003053	-0.003381	-0.001409	-0.002067	-0.003053	-0.003053	-0.000423
2019.10.27 20:09:10.174	-0.001409	-0.002724	-0.002724	-0.002067	-0.000752	-0.002067	-0.002724	-0.002067
2019.10.27 20:09:11.174	-0.002395	-0.001081	-0.002724	-0.003053	-0.002067	-0.000752	-0.002724	-0.003053
2019.10.27 20:09:12.174	-0.003710	-0.001409	-0.001738	-0.002724	-0.003381	-0.001738	-0.001081	-0.002395
2019.10.27 20:09:13.174	-0.000423	-0.002067	-0.003381	-0.003381	-0.000423	-0.001738	-0.003381	-0.003381
2019.10.27 20:09:14.174	-0.002724	-0.001081	-0.002067	-0.002724	-0.002724	-0.001738	-0.002395	-0.002724
2019.10.27 20:09:15.174	-0.000423	-0.002724	-0.003053	-0.001738	-0.001409	-0.002724	-0.003381	-0.002067
2019.10.27 20:09:16.174	-0.001081	-0.001738	-0.003053	-0.003053	-0.001081	-0.002067	-0.003053	-0.003053
2019.10.27 20:09:17.174	0.000563	-0.002395	-0.003053	-0.002724	0.000234	-0.002067	-0.003053	-0.003053
2019.10.27 20:09:18.174	-0.001409	-0.001409	-0.003053	-0.003381	-0.001409	-0.001738	-0.003053	-0.003381
2019.10.27 20:09:19.174	-0.000752	-0.003053	-0.002724	-0.002067	-0.001081	-0.002395	-0.003053	-0.002395
2019.10.27 20:09:20.174	-0.003053	-0.003053	-0.001738	-0.001081	-0.002395	-0.003053	-0.002067	-0.001409
2019.10.27 20:09:21.174	-0.003053	-0.003053	-0.002067	-0.001738	-0.003053	-0.002724	-0.001409	-0.001409
2019.10.27 20:09:22.174	-0.000752	-0.002395	-0.002724	-0.003053	-0.000423	-0.002395	-0.003381	-0.003053
2019.10.27 20:09:23.174	-0.001738	-0.001409	-0.002395	-0.003381	-0.001738	-0.001081	-0.002395	-0.003053
2019.10.27 20:09:24.174	-0.001738	-0.003053	-0.002724	-0.000752	-0.001738	-0.003053	-0.002724	-0.001409
2019.10.27 20:09:25.174	0.000234	-0.002067	-0.003053	-0.003381	-0.000423	-0.002067	-0.003053	-0.003053
2019.10.27 20:09:26.174	-0.000752	-0.002395	-0.003381	-0.002724	0.000234	-0.002067	-0.003381	-0.002395
2019.10.27 20:09:27.174	-0.004039	-0.003053	-0.001409	-0.002067	-0.003710	-0.003053	-0.001738	-0.002067
2019.10.27 20:09:28.174	-0.001738	-0.002067	-0.003710	-0.003053	-0.001738	-0.002067	-0.003381	-0.003053
2019.10.27 20:09:29.174	-0.002067	-0.001738	-0.002724	-0.003710	-0.002724	-0.001738	-0.002395	-0.004039
2019.10.27 20:09:30.174	-0.002395	-0.001409	-0.002724	-0.003381	-0.002395	-0.002067	-0.002395	-0.003710
2019.10.27 20:09:31.174	-0.003381	-0.002724	-0.000423	-0.002395	-0.003053	-0.003053	-0.000095	-0.002067
2019.10.27 20:09:32.174	-0.003710	-0.001738	-0.002067	-0.002724	-0.003710	-0.002067	-0.001738	-0.002395
2019.10.27 20:09:33.174	-0.002067	-0.001409	-0.003053	-0.003053	-0.002724	-0.001738	-0.002395	-0.003710
2019.10.27 20:09:34.174	-0.002067	-0.001081	-0.002724	-0.003053	-0.001738	-0.001081	-0.002724	-0.003381
2019.10.27 20:09:35.174	-0.001409	-0.003053	-0.003381	-0.002067	-0.001409	-0.003053	-0.002724	-0.001738
2019.10.27 20:09:36.174	-0.001409	-0.002395	-0.002724	-0.001409	-0.001738	-0.002724	-0.002724	-0.001738
2019.10.27 20:09:37.174	-0.001409	-0.002724	-0.003053	-0.001409	-0.001409	-0.003053	-0.002724	-0.002724
2019.10.27 20:09:38.174	-0.002724	-0.000095	-0.002395	-0.003053	-0.002724	-0.000423	-0.002067	-0.003053
2019.10.27 20:09:39.174	-0.003053	-0.003053	-0.000095	-0.002395	-0.002724	-0.003381	-0.000423	-0.001738
2019.10.27 20:09:40.174	-0.003710	-0.002395	-0.002067	-0.002395	-0.003381	-0.002724	-0.001738	-0.002395
2019.10.27 20:09:41.174	-0.001409	-0.003381	-0.003381	-0.002067	-0.001738	-0.003053	-0.003381	-0.001738
2019.10.27 20:09:42.174	-0.003710	-0.003053	-0.001409	-0.001738	-0.003710	-0.003381	-0.001738	-0.001409
2019.10.27 20:09:43.174	-0.002724	-0.001409	-0.001409	-0.002724	-0.003381	-0.002067	-0.001409	-0.003053
2019.10.27 20:09:44.174	-0.003053	-0.002395	-0.001409	-0.001738	-0.003053	-0.002395	-0.001409	-0.001738
2019.10.27 20:09:45.174	-0.003381	-0.003053	-0.001409	-0.001081	-0.003053	-0.003053	-0.001081	-0.001409
2019.10.27 20:09:46.174	-0.001738	-0.001081	-0.002724	-0.003053	-0.001738	-0.001081	-0.002724	-0.003053
2019.10.27 20:09:47.174	-0.002395	-0.001081	-0.002724	-0.003053	-0.002395	-0.000752	-0.003053	-0.003053
2019.10.27 20:09:48.174	-0.002724	-0.003381	-0.001738	-0.001409	-0.003053	-0.003381	-0.001738	-0.001081
2019.10.27 20:09:49.174	-0.003053	-0.003710	-0.002724	-0.001738	-0.002067	-0.004039	-0.002724	-0.001409
2019.10.27 20:09:50.174	-0.003381	-0.001081	-0.001409	-0.003381	-0.003381	-0.001409	-0.002067	-0.003053
2019.10.27 20:09:51.174	-0.000423	-0.002724	-0.003381	-0.003053	-0.000095	-0.002067	-0.003053	-0.003053
2019.10.27 20:09:52.174	-0.002067	-0.001081	-0.002724	-0.003381	-0.001738	-0.000752	-0.003053	-0.002724
2019.10.27 20:09:53.174	-0.001409	-0.002724	-0.003053	-0.001738	-0.001081	-0.003053	-0.002724	-0.001738
2019.10.27 20:09:54.174	-0.003053	-0.002395	-0.001738	-0.001409	-0.003053	-0.003053	-0.002395	-0.001409
2019.10.27 20:09:55.174	-0.001409	-0.001409	-0.003053	-0.003053	-0.001738	-0.001409	-0.002724	-0.003710
2019.10.27 20:09:56.174	-0.001738	-0.003053	-0.003381	-0.001409	-0.001738	-0.002724	-0.003053	-0.002067
2019.10.27 20:09:57.174	-0.003381	-0.001409	-0.002067	-0.003710	-0.003053	-0.001738	-0.002067	-0.003381
2019.10.27 20:09:58.174	-0.003053	-0.003381	-0.000752	-0.001738	-0.003053	-0.003381	-0.001081	-0.001738
2019.10.27 20:09:59.174	-0.003710	-0.002395	-0.001738	-0.002395	-0.003381	-0.002724	-0.001409	-0.002395
2019.10.27 20:10:00.174	-0.003710	-0.001081	-0.001738	-0.002724	-0.003381	-0.001738	-0.001409	-0.002724
2019.10.27 20:10:01.174	-0.000095	-0.002067	-0.003053	-0.003053	-0.000095	-0.002067	-0.002724	-0.003053
2019.10.27 20:10:02.174	-0.002724	-0.002724	-0.001738	-0.001081	-0.002395	-0.002724	-0.002067	-0.001081
2019.10.27 20:10:03.174	-0.003053	-0.002067	-0.001081	-0.003053	-0.003053	-0.001738	-0.001409	-0.003053
2019.10.27 20:10:04.174	-0.002395	-0.000752	-0.002395	-0.003381	-0.002724	-0.000423	-0.002395	-0.003710
2019.10.27 20:10:05.174	-0.002724	-0.002067	-0.001738	-0.003053	-0.003053	-0.002395	-0.000752	-0.002724
2019.10.27 20:10:06.174	-0.003381	-0.000752	-0.002395	-0.002724	-0.004039	-0.001081	-0.002067	-0.003053
2019.10.27 20:10:07.174	-0.003381	-0.002067	-0.001409	-0.002724	-0.003053	-0.001738	-0.001081	-0.002724
2019.10.27 20:10:08.174	-0.003381	-0.001738	-0.001081	-0.002395	-0.003381	-0.002067	-0.001409	-0.002395
2019.10.27 20:10:09.174	-0.001081	-0.001738	-0.002724	-0.002724	-0.001409	-0.002067	-0.003053	-0.002724
2019.10.27 20:10:10.174	-0.003381	-0.003710	-0.001738	-0.001738	-0.003053	-0.003710	-0.002395	-0.001738
2019.10.27 20:10:11.174	-0.003381	-0.002724	-0.001081	-0.002067	-0.003710	-0.003053	-0.001738	-0.002067
2019.10.27 20:10:12.174	-0.003053	-0.003381	-0.001738	-0.001738	-0.002724	-0.003381	-0.001738	-0.001409
2019.10.27 20:10:13.174	-0.001409	-0.003053	-0.002724	-0.001738	-0.001409	-0.002724	-0.003053	-0.001738
2019.10.27 20:10:14.174	-0.003381	-0.003053	-0.001738	-0.002067	-0.003381	-0.003381	-0.001738	-0.002067
2019.10.27 20:10:15.174	-0.002067	-0.002067	-0.003710	-0.002724	-0.001738	-0.002724	-0.003710	-0.003053
2019.10.27 20:10:16.174	-0.003053	-0.003053	-0.000752	-0.002067	-0.003381	-0.002395	-0.000423	-0.002395
2019.10.27 20:10:17.174	-0.002724	-0.001081	-0.002395	-0.003053	-0.002724	-0.000752	-0.002395	-0.003381
2019.10.27 20:10:18.174	-0.003053	-0.002067	-0.000752	-0.002395	-0.003053	-0.002395	-0.001081	-0.002067
2019.10.27 20:10:19.174	-0.001081	-0.002724	-0.003710	-0.003053	-0.001081	-0.002724	-0.003710	-0.003381
2019.10.27 20:10:20.174	-0.001409	-0.003053	-0.003053	-0.001409	-0.001738	-0.003053	-0.003381	-0.001738
2019.10.27 20:10:21.174	-0.001738	-0.003381	-0.003053	-0.001738	-0.001409	-0.002724	-0.002724	-0.001738
2019.10.27 20:10:22.174	-0.003053	-0.003381	-0.000752	-0.002067	-0.003710	-0.003710	-0.000752	-0.001738
2019.10.27 20:10:23.174	-0.001081	-0.002395	-0.002724	-0.002067	-0.001081	-0.002067	-0.003053	-0.002395
2019.10.27 20:10:24.174	-0.003053	-0.000423	-0.002067	-0.003381	-0.003381	-0.000752	-0.002067	-0.003053
2019.10.27 20:10:25.174	-0.000423	-0.002067	-0.003381	-0.003053	0.000234	-0.002724	-0.003381	-0.003053
2019.10.27 20:10:26.174	-0.003710	-0.000095	-0.002067	-0.003053	-0.003053	-0.000423	-0.002067	-0.003053
2019.10.27 20:10:27.174	-0.003381	-0.002724	-0.000423	-0.002067	-0.003710	-0.003053	-0.000752	-0.002724
2019.10.27 20:10:28.174	-0.001409	-0.002067	-0.003710	-0.003053	-0.001738	-0.002067	-0.003381	-0.003710
2019.10.27 20:10:29.174	-0.001409	-0.002067	-0.004039	-0.003053	-0.001409	-0.002395	-0.003381	-0.003053
2019.10.27 20:10:30.174	-0.001409	-0.001738	-0.003381	-0.003381	-0.001738	-0.001738	-0.003381	-0.003710
2019.10.27 20:10:31.174	-0.003053	-0.000423	-0.002067	-0.002724	-0.003381	-0.000752	-0.002067	-0.003053
2019.10.27 20:10:32.174	-0.001409	-0.001081	-0.002395	-0.003710	-0.003053	-0.001409	-0.002395	-0.003053
2019.10.27 20:10:33.174	-0.003053	-0.003053	-0.001738	-0.001409	-0.003381	-0.003381	-0.001409	-0.001738
2019.10.27 20:10:34.174	-0.001738	-0.000752	-0.003053	-0.003381	-0.001738	-0.000752	-0.002724	-0.003053
2019.10.27 20:10:35.174	-0.001738	-0.002724	-0.003710	-0.002395	-0.001738	-0.002067	-0.003710	-0.003053
2019.10.27 20:10:36.174	-0.001738	-0.001738	-0.002724	-0.003381	-0.001409	-0.001409	-0.002724	-0.003381
2019.10.27 20:10:37.174	-0.001738	-0.001081	-0.002395	-0.003053	-0.001738	-0.001081	-0.002395	-0.003053
2019.10.27 20:10:38.174	-0.001738	-0.003381	-0.003381	-0.001738	-0.001081	-0.002724	-0.003381	-0.001409
2019.10.27 20:10:39.174	-0.001738	-0.003053	-0.003053	-0.001409	-0.001738	-0.003053	-0.002395	-0.001081
2019.10.27 20:10:40.174	-0.002395	-0.003053	-0.002067	-0.001409	-0.001738	-0.003053	-0.002395	-0.001409
2019.10.27 20:10:41.174	-0.002067	-0.001081	-0.003053	-0.003381	-0.002067	-0.001409	-0.002724	-0.003381
2019.10.27 20:10:42.174	-0.003053	-0.002395	-0.001738	-0.002067	-0.003053	-0.002724	-0.001409	-0.002067
2019.10.27 20:10:43.174	-0.002395	-0.003710	-0.002395	-0.001409	-0.002395	-0.003710	-0.002724	-0.001081
2019.10.27 20:10:44.174	-0.003381	-0.000752	-0.001738	-0.003053	-0.003710	-0.001081	-0.001738	-0.002724
2019.10.27 20:10:45.174	-0.002724	-0.001409	-0.002067	-0.003053	-0.002395	-0.001409	-0.002067	-0.002724
2019.10.27 20:10:46.174	-0.001409	-0.001409	-0.003053	-0.003710	-0.001738	-0.001081	-0.002724	-0.003381
2019.10.27 20:10:47.174	-0.000423	-0.002067	-0.003053	-0.003381	-0.000752	-0.001738	-0.003053	-0.003381
2019.10.27 20:10:48.174	-0.002395	-0.003710	-0.002067	-0.001738	-0.002724	-0.002724	-0.001738	-0.001081
2019.10.27 20:10:49.174	-0.000423	-0.002724	-0.003053	-0.002067	-0.000752	-0.002395	-0.003053	-0.002395
2019.10.27 20:10:50.174	-0.000752	-0.001738	-0.003381	-0.002395	-0.001409	-0.001409	-0.002724	-0.002724
2019.10.27 20:10:51.174	-0.002067	-0.003381	-0.003053	-0.001409	-0.001409	-0.003381	-0.003053	-0.001409
2019.10.27 20:10:52.174	-0.003381	-0.001738	-0.001409	-0.002395	-0.003053	-0.002067	-0.001409	-0.002395
2019.10.27 20:10:53.174	-0.003710	-0.003381	-0.001081	-0.001738	-0.003053	-0.003381	-0.001409	-0.001409
2019.10.27 20:10:54.174	-0.003053	-0.003381	-0.001738	-0.001409	-0.002724	-0.003710	-0.001738	-0.001081
2019.10.27 20:10:55.174	-0.002724	-0.004039	-0.002395	-0.001738	-0.002395	-0.003710	-0.002067	-0.001409
2019.10.27 20:10:56.174	-0.001738	-0.003381	-0.003053	-0.001081	-0.002067	-0.002724	-0.003710	-0.001409
2019.10.27 20:10:57.174	-0.003053	-0.002067	-0.001081	-0.002395	-0.002724	-0.002395	-0.001081	-0.002395
2019.10.27 20:10:58.174	-0.001081	-0.001409	-0.002724	-0.002067	-0.001081	-0.001738	-0.003053	-0.003053
2019.10.27 20:10:59.174	-0.000752	-0.002395	-0.002724	-0.002067	-0.000752	-0.002724	-0.003381	-0.002724
2019.10.27 20:11:00.174	-0.002724	-0.003381	-0.002724	-0.000423	-0.002724	-0.003053	-0.002724	-0.000423
2019.10.27 20:11:01.174	-0.003053	-0.003710	-0.001738	-0.001409	-0.002395	-0.003381	-0.002067	-0.000752
2019.10.27 20:11:02.174	-0.002395	-0.003710	-0.003053	-0.001738	-0.002067	-0.003381	-0.003053	-0.001738
2019.10.27 20:11:03.174	-0.001738	-0.001738	-0.003710	-0.003381	-0.001409	-0.001738	-0.003381	-0.003053
2019.10.27 20:11:04.174	-0.003381	-0.000752	-0.002067	-0.003710	-0.003381	-0.000752	-0.001738	-0.002724
2019.10.27 20:11:05.174	-0.001081	-0.001409	-0.003053	-0.003053	-0.001738	-0.001409	-0.002724	-0.003053
2019.10.27 20:11:06.174	-0.002067	-0.004039	-0.002724	-0.001409	-0.002067	-0.003381	-0.003053	-0.001409
2019.10.27 20:11:07.174	-0.001409	-0.002067	-0.003381	-0.003053	-0.001409	-0.001738	-0.002724	-0.003710
2019.10.27 20:11:08.174	-0.002395	-0.001409	-0.002067	-0.003053	-0.002395	-0.001409	-0.002067	-0.002724
2019.10.27 20:11:09.174	-0.003381	-0.002724	-0.001738	-0.002067	-0.003710	-0.003053	-0.001409	-0.001738
2019.10.27 20:11:10.174	-0.002724	-0.003381	-0.002067	-0.001081	-0.002067	-0.003381	-0.002067	-0.000752
2019.10.27 20:11:11.174	-0.002067	-0.003710	-0.003053	-0.001409	-0.002067	-0.003381	-0.003381	-0.001409
2019.10.27 20:11:12.174	-0.000423	-0.002067	-0.003053	-0.002067	-0.000752	-0.002724	-0.003053	-0.002395
2019.10.27 20:11:13.174	-0.001081	-0.001409	-0.003381	-0.003381	-0.001409	-0.001409	-0.003053	-0.003381
2019.10.27 20:11:14.174	-0.003381	-0.002395	-0.000423	-0.002724	-0.003381	-0.002724	-0.000423	-0.002395
2019.10.27 20:11:15.174	-0.001738	-0.001409	-0.002724	-0.003381	-0.002067	-0.001081	-0.002724	-0.003381
2019.10.27 20:11:16.174	-0.001409	-0.001738	-0.003053	-0.002724	-0.001409	-0.001409	-0.002724	-0.002724
2019.10.27 20:11:17.174	-0.003710	-0.003053	-0.000423	-0.003053	-0.003381	-0.002395	-0.000095	-0.002724
2019.10.27 20:11:18.174	-0.003710	-0.002395	-0.001409	-0.002724	-0.003381	-0.003053	-0.001738	-0.002067
2019.10.27 20:11:19.174	-0.001081	-0.003053	-0.003053	-0.002067	-0.000423	-0.002395	-0.003053	-0.002395
2019.10.27 20:11:20.174	-0.002067	-0.003053	-0.002067	-0.001409	-0.002067	-0.003053	-0.002067	-0.001409
2019.10.27 20:11:21.174	-0.002067	-0.003381	-0.003053	-0.001409	-0.002067	-0.003710	-0.003381	-0.001409
2019.10.27 20:11:22.174	-0.001738	-0.002067	-0.003381	-0.003053	-0.001409	-0.002067	-0.003053	-0.003381
2019.10.27 20:11:23.174	-0.003710	-0.003053	-0.000095	-0.002395	-0.003053	-0.003053	-0.000752	-0.002067
2019.10.27 20:11:24.174	-0.000095	-0.002067	-0.003053	-0.002724	-0.000752	-0.002724	-0.003381	-0.002067
2019.10.27 20:11:25.174	-0.001409	-0.002067	-0.003381	-0.003053	-0.001409	-0.002067	-0.004039	-0.003053
2019.10.27 20:11:26.174	-0.001409	-0.002724	-0.003053	-0.001738	-0.001409	-0.002395	-0.003710	-0.003053
2019.10.27 20:11:27.174	-0.002067	-0.003053	-0.002724	-0.001409	-0.001409	-0.003053	-0.002724	-0.001738
2019.10.27 20:11:28.174	-0.001409	-0.001738	-0.002395	-0.002395	-0.000752	-0.002395	-0.003053	-0.002724
2019.10.27 20:11:29.174	-0.003053	-0.003381	-0.002395	-0.001081	-0.003053	-0.003381	-0.002724	-0.000423
2019.10.27 20:11:30.174	-0.004039	-0.001738	-0.001738	-0.002724	-0.003381	-0.002067	-0.001738	-0.003053
2019.10.27 20:11:31.174	-0.001409	-0.003053	-0.003381	-0.002067	-0.001081	-0.002395	-0.003053	-0.002067
2019.10.27 20:11:32.174	-0.001409	-0.002724	-0.003381	-0.002067	-0.001081	-0.002395	-0.003381	-0.001738
2019.10.27 20:11:33.174	-0.003710	-0.002067	-0.000752	-0.001738	-0.002395	-0.002724	-0.000752	-0.002067
2019.10.27 20:11:34.174	-0.002395	-0.000752	-0.003053	-0.002724	-0.002395	-0.000752	-0.002724	-0.003381
2019.10.27 20:11:35.174	-0.001738	-0.001738	-0.003381	-0.003381	-0.001409	-0.001081	-0.003053	-0.003381
2019.10.27 20:11:36.174	-0.001738	-0.003053	-0.003053	-0.001409	-0.001409	-0.003381	-0.003381	-0.001409
2019.10.27 20:11:37.174	-0.002724	-0.001738	-0.001409	-0.002067	-0.003053	-0.002067	-0.001409	-0.001738
2019.10.27 20:11:38.174	-0.002067	-0.001738	-0.003053	-0.003053	-0.001409	-0.001081	-0.003053	-0.003381
2019.10.27 20:11:39.174	-0.003381	-0.001409	-0.001738	-0.002395	-0.003381	-0.001738	-0.001409	-0.002724
2019.10.27 20:11:40.174	-0.002724	-0.003053	-0.001409	-0.001738	-0.003381	-0.002724	-0.001738	-0.001409
2019.10.27 20:11:41.174	-0.002724	-0.003381	-0.002067	-0.000752	-0.001738	-0.002724	-0.001409	-0.000423
2019.10.27 20:11:42.174	-0.001409	-0.002395	-0.003381	-0.003053	-0.001409	-0.002395	-0.003381	-0.002724
2019.10.27 20:11:43.174	-0.002724	-0.002724	-0.001409	-0.001409	-0.003053	-0.003053	-0.001738	-0.001409
2019.10.27 20:11:44.174	-0.003053	-0.001409	-0.002724	-0.003710	-0.002724	-0.001738	-0.002067	-0.003381
2019.10.27 20:11:45.174	-0.003381	-0.000095	-0.002395	-0.003053	-0.003053	-0.000423	-0.002067	-0.003053
2019.10.27 20:11:46.174	-0.003381	-0.002067	-0.001409	-0.003053	-0.004039	-0.002395	-0.001409	-0.002724
2019.10.27 20:11:47.174	-0.000752	-0.002395	-0.003053	-0.001738	-0.001081	-0.002724	-0.003053	-0.002067
2019.10.27 20:11:48.174	-0.003381	-0.002724	-0.000095	-0.003053	-0.003053	-0.002724	-0.000423	-0.002724
2019.10.27 20:11:49.174	-0.000095	-0.002067	-0.002724	-0.003710	-0.000752	-0.001738	-0.002724	-0.003381
2019.10.27 20:11:50.174	-0.003710	-0.003053	-0.000423	-0.002067	-0.003053	-0.003053	-0.000423	-0.002067
2019.10.27 20:11:51.174	-0.003053	-0.001738	-0.001738	-0.003053	-0.002724	-0.002395	-0.001081	-0.003053
2019.10.27 20:11:52.174	-0.003710	-0.002724	-0.000752	-0.002724	-0.003381	-0.002395	-0.000095	-0.002067
2019.10.27 20:11:53.174	-0.001409	-0.001738	-0.002724	-0.003053	-0.001409	-0.002067	-0.002724	-0.003053
2019.10.27 20:11:54.174	-0.001409	-0.002724	-0.003053	-0.001738	-0.001409	-0.003053	-0.003053	-0.002395
2019.10.27 20:11:55.174	-0.003381	-0.003053	-0.000423	-0.002724	-0.003381	-0.003381	-0.000752	-0.002067
2019.10.27 20:11:56.174	-0.001081	-0.001738	-0.003053	-0.002724	-0.001081	-0.002067	-0.002724	-0.003053
2019.10.27 20:11:57.174	-0.001409	-0.003053	-0.003710	-0.001738	-0.001081	-0.002724	-0.003381	-0.002067
2019.10.27 20:11:58.174	-0.002724	-0.002395	-0.001409	-0.001738	-0.003053	-0.002724	-0.001081	-0.001738
2019.10.27 20:11:59.174	-0.002724	-0.003053	-0.001738	-0.001409	-0.002724	-0.003053	-0.002067	-0.000752
2019.10.27 20:12:00.174	-0.002724	-0.002395	-0.001409	-0.001738	-0.003053	-0.002395	-0.001409	-0.001738
2019.10.27 20:12:01.174	-0.001409	-0.002724	-0.003381	-0.002395	-0.001738	-0.001409	-0.003053	-0.003381
2019.10.27 20:12:02.174	-0.003053	-0.001738	-0.001081	-0.002395	-0.002724	-0.002067	-0.001081	-0.002724
2019.10.27 20:12:03.174	-0.003710	-0.000423	-0.001738	-0.003053	-0.003710	-0.001081	-0.001738	-0.003053
2019.10.27 20:12:04.174	-0.001738	-0.001409	-0.003053	-0.002724	-0.002067	-0.001409	-0.002395	-0.002724
2019.10.27 20:12:05.174	-0.001738	-0.003381	-0.003053	-0.001409	-0.001738	-0.003381	-0.003053	-0.001738
2019.10.27 20:12:06.174	-0.003053	0.000234	-0.002724	-0.003053	-0.003053	-0.000752	-0.002395	-0.003053
2019.10.27 20:12:07.174	-0.003710	-0.002724	-0.001081	-0.002067	-0.004039	-0.002395	-0.001738	-0.002067
2019.10.27 20:12:08.174	-0.003381	-0.003053	-0.001738	-0.001738	-0.003053	-0.003053	-0.001409	-0.001409
2019.10.27 20:12:09.174	-0.002067	-0.001081	-0.002724	-0.003053	-0.001738	-0.001409	-0.002067	-0.003053
2019.10.27 20:12:10.174	-0.003053	-0.002067	-0.001409	-0.003053	-0.002724	-0.002067	-0.001081	-0.002724
2019.10.27 20:12:11.174	-0.001738	-0.002724	-0.003381	-0.002724	-0.001738	-0.002395	-0.003710	-0.002724
2019.10.27 20:12:12.174	-0.002724	-0.001738	-0.001409	-0.002724	-0.002724	-0.001738	-0.001081	-0.002724
2019.10.27 20:12:13.174	-0.001409	-0.001409	-0.003053	-0.003710	-0.002395	-0.001738	-0.002395	-0.004039
2019.10.27 20:12:14.174	-0.003710	-0.001738	-0.001409	-0.002395	-0.003381	-0.002724	-0.001409	-0.002395
2019.10.27 20:12:15.174	-0.001409	-0.001738	-0.003053	-0.002395	-0.001409	-0.001738	-0.003053	-0.002395
2019.10.27 20:12:16.174	-0.003710	-0.002067	-0.001409	-0.003053	-0.003710	-0.002395	-0.001409	-0.002067
2019.10.27 20:12:17.174	-0.002067	-0.003053	-0.003053	-0.000095	-0.002067	-0.003381	-0.003381	-0.000752
2019.10.27 20:12:18.174	-0.002067	-0.001409	-0.002395	-0.003381	-0.002395	-0.001738	-0.002395	-0.003381
2019.10.27 20:12:19.174	-0.002067	-0.003053	-0.003381	-0.000423	-0.001738	-0.003381	-0.003053	-0.000423
2019.10.27 20:12:20.174	-0.003381	-0.003381	-0.001738	-0.002067	-0.003381	-0.003053	-0.001409	-0.002067
2019.10.27 20:12:21.174	-0.003710	-0.003053	-0.001738	-0.001738	-0.003710	-0.003381	-0.001409	-0.002724
2019.10.27 20:12:22.174	-0.002724	-0.003053	-0.001738	-0.001081	-0.002724	-0.003710	-0.002067	-0.000752
2019.10.27 20:12:23.174	-0.002724	-0.003381	-0.000752	-0.002067	-0.003053	-0.003381	-0.000752	-0.001738
2019.10.27 20:12:24.174	-0.001409	-0.001738	-0.003381	-0.003381	-0.001738	-0.001081	-0.002724	-0.003381
2019.10.27 20:12:25.174	-0.001081	-0.003053	-0.003053	-0.001738	-0.001081	-0.003053	-0.003381	-0.002067
2019.10.27 20:12:26.174	-0.002724	-0.003381	-0.002067	-0.000752	-0.002724	-0.003053	-0.002724	-0.000752
2019.10.27 20:12:27.174	-0.001738	-0.003053	-0.003710	-0.001081	-0.002067	-0.002724	-0.003710	-0.001738
2019.10.27 20:12:28.174	-0.003053	-0.001738	-0.001409	-0.003053	-0.003053	-0.001738	-0.001081	-0.002395
2019.10.27 20:12:29.174	-0.002724	-0.002395	-0.001409	-0.002395	-0.003053	-0.002724	-0.001081	-0.002067
2019.10.27 20:12:30.174	-0.001738	-0.003381	-0.003381	-0.001409	-0.001409	-0.003053	-0.003053	-0.001738
2019.10.27 20:12:31.174	-0.003710	-0.003053	-0.001409	-0.001738	-0.003381	-0.003053	-0.001738	-0.001738
2019.10.27 20:12:32.174	-0.004367	-0.003381	-0.001409	-0.002395	-0.003710	-0.003053	-0.001738	-0.002395
2019.10.27 20:12:33.174	-0.003381	-0.003710	-0.001738	-0.001409	-0.003053	-0.003710	-0.001738	-0.001738
2019.10.27 20:12:34.174	-0.002724	-0.003381	-0.003053	-0.001409	-0.002067	-0.003381	-0.003381	-0.001738
2019.10.27 20:12:35.174	-0.004039	-0.002724	-0.001409	-0.002395	-0.003381	-0.003053	-0.001738	-0.002395
2019.10.27 20:12:36.174	-0.002724	-0.003381	-0.002395	-0.001409	-0.002395	-0.003381	-0.002724	-0.001081
2019.10.27 20:12:37.174	-0.002067	-0.003053	-0.002067	-0.001409	-0.002724	-0.002724	-0.002395	-0.000752
2019.10.27 20:12:38.174	-0.003053	-0.001738	-0.001081	-0.002395	-0.003053	-0.001738	-0.001081	-0.002067
2019.10.27 20:12:39.174	-0.001081	-0.001738	-0.003710	-0.003053	-0.001409	-0.001738	-0.003053	-0.003053
2019.10.27 20:12:40.174	-0.002067	-0.003053	-0.002724	-0.001409	-0.001409	-0.003381	-0.003053	-0.001738
2019.10.27 20:12:41.174	-0.001409	-0.001738	-0.003381	-0.003053	-0.001738	-0.001738	-0.003053	-0.003053
2019.10.27 20:12:42.174	-0.002395	-0.003053	-0.001738	-0.001409	-0.002395	-0.003053	-0.002067	-0.001081
2019.10.27 20:12:43.174	-0.002067	-0.003053	-0.003053	-0.000095	-0.001738	-0.003710	-0.003381	-0.000752
2019.10.27 20:12:44.174	-0.003710	-0.003053	-0.000423	-0.001738	-0.003381	-0.003053	-0.000752	-0.002067
2019.10.27 20:12:45.174	-0.001081	-0.002395	-0.003053	-0.001738	-0.000752	-0.003053	-0.003053	-0.001738
2019.10.27 20:12:46.174	-0.003053	-0.003381	-0.001081	-0.001738	-0.003381	-0.003381	-0.002067	-0.001409
2019.10.27 20:12:47.174	-0.001738	-0.002395	-0.003710	-0.003381	-0.001081	-0.001738	-0.003710	-0.003381
2019.10.27 20:12:48.174	-0.004039	-0.003053	-0.001738	-0.001738	-0.003710	-0.003053	-0.001409	-0.001738
2019.10.27 20:12:49.174	-0.002067	-0.001409	-0.002067	-0.003053	-0.002067	-0.001081	-0.002067	-0.003053
2019.10.27 20:12:50.174	-0.002724	-0.001081	-0.001738	-0.003053	-0.002395	-0.001081	-0.001738	-0.003053
2019.10.27 20:12:51.174	-0.001409	-0.000752	-0.003053	-0.003381	-0.002067	-0.001409	-0.003053	-0.003381
2019.10.27 20:12:52.174	-0.003381	-0.003381	-0.001409	-0.002067	-0.003053	-0.003381	-0.001738	-0.001409
2019.10.27 20:12:53.174	-0.002067	-0.000752	-0.002724	-0.003381	-0.002724	-0.000423	-0.002067	-0.003381
2019.10.27 20:12:54.174	-0.002724	-0.002395	-0.001409	-0.002067	-0.002395	-0.002067	-0.001081	-0.002067
2019.10.27 20:12:55.174	-0.003053	-0.003053	-0.000095	-0.002067	-0.003381	-0.003381	-0.002724	-0.001081
2019.10.27 20:12:56.174	-0.001738	-0.002067	-0.003053	-0.003381	-0.001409	-0.001738	-0.003053	-0.003710
2019.10.27 20:12:57.174	-0.002067	-0.003053	-0.002724	-0.000752	-0.002067	-0.003053	-0.003053	-0.000423
2019.10.27 20:12:58.174	-0.002067	-0.002724	-0.002067	-0.001409	-0.002724	-0.003053	-0.002395	-0.000752
2019.10.27 20:12:59.174	-0.002724	-0.001409	-0.002395	-0.003710	-0.002395	-0.001409	-0.002067	-0.003710
2019.10.27 20:13:00.174	-0.001409	-0.003053	-0.003053	-0.001738	-0.001409	-0.002724	-0.003381	-0.002395
2019.10.27 20:13:01.174	-0.002067	-0.003053	-0.003381	-0.001081	-0.001409	-0.003053	-0.003381	-0.001409
2019.10.27 20:13:02.174	-0.003381	-0.002067	-0.001409	-0.002724	-0.003053	-0.001738	-0.001081	-0.003053
2019.10.27 20:13:03.174	-0.002724	-0.001409	-0.001409	-0.003053	-0.002724	-0.001409	-0.001409	-0.003053
2019.10.27 20:13:04.174	-0.003053	-0.003381	-0.002724	-0.000752	-0.002067	-0.003381	-0.002724	-0.000423
2019.10.27 20:13:05.174	-0.002067	-0.000423	-0.003053	-0.003381	-0.002067	-0.000752	-0.002395	-0.003381
2019.10.27 20:13:06.174	-0.001738	-0.001081	-0.003053	-0.002724	-0.002067	-0.001081	-0.003053	-0.003381
2019.10.27 20:13:07.174	-0.001738	-0.002724	-0.003710	-0.002395	-0.001409	-0.002395	-0.003710	-0.002724
2019.10.27 20:13:08.174	-0.000423	-0.002724	-0.003381	-0.002724	0.000234	-0.002395	-0.003053	-0.002724
2019.10.27 20:13:09.174	-0.003053	-0.001738	-0.001081	-0.002724	-0.003053	-0.002067	-0.000752	-0.001738
2019.10.27 20:13:10.174	-0.003053	-0.002724	-0.001738	-0.001738	-0.003053	-0.003381	-0.002067	-0.001409
2019.10.27 20:13:11.174	-0.000095	-0.002395	-0.003710	-0.003053	-0.000423	-0.002724	-0.003381	-0.003381
2019.10.27 20:13:12.174	-0.000752	-0.002395	-0.003381	-0.002067	-0.000423	-0.002724	-0.003053	-0.002724
2019.10.27 20:13:13.174	-0.002724	-0.003381	-0.002067	-0.001409	-0.003053	-0.003381	-0.002724	-0.001409
2019.10.27 20:13:14.174	-0.003053	-0.004039	-0.001409	-0.002067	-0.003053	-0.003710	-0.001738	-0.001738
2019.10.27 20:13:15.174	-0.001409	-0.001738	-0.003053	-0.003381	-0.001409	-0.001409	-0.003381	-0.003710
2019.10.27 20:13:16.174	-0.003053	-0.003053	-0.002395	-0.000423	-0.003053	-0.003381	-0.002067	-0.000423
2019.10.27 20:13:17.174	-0.002067	-0.001081	-0.002724	-0.003710	-0.002395	-0.000752	-0.002724	-0.003381
2019.10.27 20:13:18.174	-0.000752	-0.002724	-0.003381	-0.002724	-0.000423	-0.002395	-0.003053	-0.003053
2019.10.27 20:13:19.174	-0.003381	-0.002395	-0.001081	-0.003053	-0.003381	-0.002395	-0.000423	-0.002724
2019.10.27 20:13:20.174	-0.000095	-0.002395	-0.003053	-0.003381	0.000234	-0.001738	-0.003381	-0.003053
2019.10.27 20:13:21.174	-0.001738	-0.001081	-0.002395	-0.003053	-0.002067	-0.001081	-0.002067	-0.003053
2019.10.27 20:13:22.174	-0.001409	-0.002724	-0.002724	-0.001738	-0.001409	-0.002724	-0.002724	-0.001738
2019.10.27 20:13:23.174	-0.002724	-0.000752	-0.001738	-0.002395	-0.002395	-0.001409	-0.001738	-0.003053
2019.10.27 20:13:24.174	-0.002395	-0.001409	-0.001738	-0.003053	-0.002724	-0.001738	-0.001738	-0.003381
2019.10.27 20:13:25.174	-0.001409	-0.002067	-0.003053	-0.003053	-0.001409	-0.001738	-0.003053	-0.003053
2019.10.27 20:13:26.174	-0.001738	-0.001081	-0.002724	-0.002724	-0.002067	-0.001409	-0.002395	-0.003053
2019.10.27 20:13:27.174	-0.002395	-0.003381	-0.002724	-0.000423	-0.002395	-0.003053	-0.003053	-0.000095
2019.10.27 20:13:28.174	-0.002724	-0.001738	-0.001409	-0.003053	-0.003053	-0.002395	-0.001409	-0.003053
2019.10.27 20:13:29.174	-0.002395	-0.003053	-0.001409	-0.001081	-0.002395	-0.002724	-0.001738	-0.001081
2019.10.27 20:13:30.174	-0.003053	-0.000423	-0.002067	-0.003053	-0.003710	-0.000752	-0.002067	-0.003053
2019.10.27 20:13:31.174	-0.002724	-0.003053	-0.002067	-0.000423	-0.002395	-0.003710	-0.002067	-0.000752
2019.10.27 20:13:32.174	-0.002724	-0.001409	-0.001409	-0.003381	-0.003053	-0.001738	-0.001409	-0.002724
2019.10.27 20:13:33.174	-0.002067	-0.000423	-0.003053	-0.003381	-0.002724	-0.000752	-0.002724	-0.003381
2019.10.27 20:13:34.174	-0.003381	-0.002724	-0.001081	-0.002724	-0.003053	-0.002067	-0.000423	-0.002724
2019.10.27 20:13:35.174	-0.003381	-0.003053	-0.000423	-0.002067	-0.003381	-0.003381	-0.000423	-0.002067
2019.10.27 20:13:36.174	-0.001409	-0.002067	-0.003710	-0.002724	-0.001409	-0.002724	-0.003381	-0.002395
2019.10.27 20:13:37.174	-0.003381	-0.001738	-0.001081	-0.002395	-0.003053	-0.002395	-0.001081	-0.002067
2019.10.27 20:13:38.174	-0.001409	-0.003053	-0.002395	-0.001738	-0.001081	-0.002724	-0.003053	-0.001738
2019.10.27 20:13:39.174	-0.001738	-0.003053	-0.004039	-0.001081	-0.001738	-0.003381	-0.003710	-0.001409
2019.10.27 20:13:40.174	-0.003053	-0.001409	-0.001738	-0.003053	-0.003053	-0.002067	-0.001409	-0.002724
2019.10.27 20:13:41.174	-0.002724	-0.003710	-0.001738	-0.001738	-0.002395	-0.004039	-0.002395	-0.001738
2019.10.27 20:13:42.174	-0.002395	-0.003053	-0.003053	-0.000752	-0.002067	-0.003053	-0.003710	-0.001081
2019.10.27 20:13:43.174	-0.003710	-0.000423	-0.002067	-0.002724	-0.003381	-0.001081	-0.002067	-0.003381
2019.10.27 20:13:44.174	-0.002395	-0.001738	-0.002395	-0.003710	-0.002724	-0.001409	-0.002067	-0.003381
2019.10.27 20:13:45.174	-0.003053	-0.003710	-0.001409	-0.001409	-0.003053	-0.003381	-0.002067	-0.001738
2019.10.27 20:13:46.174	-0.003053	-0.003053	-0.001738	-0.001081	-0.002724	-0.003053	-0.002067	-0.000752
2019.10.27 20:13:47.174	-0.001409	-0.002067	-0.003381	-0.003710	-0.001409	-0.001738	-0.003381	-0.003381
2019.10.27 20:13:48.174	-0.001409	-0.002067	-0.002724	-0.002395	-0.001409	-0.003053	-0.002724	-0.002395
2019.10.27 20:13:49.174	-0.002724	-0.001738	-0.002395	-0.003710	-0.003053	-0.001738	-0.002067	-0.003381
2019.10.27 20:13:50.174	-0.001409	-0.003710	-0.003381	-0.001738	-0.001409	-0.001738	-0.003053	-0.002724
2019.10.27 20:13:51.174	-0.002724	-0.003053	-0.002067	-0.000752	-0.003381	-0.002724	-0.002395	-0.001081
2019.10.27 20:13:52.174	-0.002395	-0.003381	-0.003053	-0.000095	-0.002067	-0.003381	-0.003053	-0.000095
2019.10.27 20:13:53.174	-0.002724	-0.003053	-0.001738	-0.001081	-0.002724	-0.003053	-0.002067	-0.001081
2019.10.27 20:13:54.174	-0.002067	-0.003710	-0.003710	-0.001081	-0.001738	-0.003053	-0.002724	-0.001409
2019.10.27 20:13:55.174	-0.001409	-0.001738	-0.002395	-0.003053	-0.001409	-0.000423	-0.002724	-0.003381
2019.10.27 20:13:56.174	-0.003053	-0.001409	-0.002067	-0.003053	-0.003053	-0.001409	-0.001738	-0.003053
2019.10.27 20:13:57.174	-0.002395	-0.003053	-0.003053	-0.000095	-0.002067	-0.003381	-0.003053	-0.000752
2019.10.27 20:13:58.174	-0.002067	-0.003381	-0.003381	-0.001081	-0.001738	-0.003053	-0.003053	-0.001409
2019.10.27 20:13:59.174	-0.003053	-0.003710	-0.001409	-0.001738	-0.003381	-0.003710	-0.002067	-0.001409
2019.10.27 20:14:00.174	-0.001409	-0.002724	-0.003053	-0.002067	-0.001081	-0.002724	-0.003053	-0.001738
2019.10.27 20:14:01.174	-0.003053	-0.002724	-0.002395	-0.000752	-0.002067	-0.002724	-0.002395	-0.000752
2019.10.27 20:14:02.174	-0.003381	-0.002724	-0.001081	-0.002067	-0.003053	-0.002724	-0.001738	-0.001738
2019.10.27 20:14:03.174	-0.003053	-0.001409	-0.001409	-0.003710	-0.003710	-0.001409	-0.001738	-0.003053
2019.10.27 20:14:04.174	-0.002395	-0.002724	-0.002395	-0.001081	-0.002067	-0.003053	-0.002395	-0.001081
2019.10.27 20:14:05.174	-0.002395	-0.000752	-0.002724	-0.003710	-0.001738	-0.001409	-0.002724	-0.003381
2019.10.27 20:14:06.174	-0.001409	-0.001738	-0.003053	-0.002395	-0.001409	-0.001409	-0.003053	-0.002395
2019.10.27 20:14:07.174	-0.002724	-0.003381	-0.002067	-0.001081	-0.002724	-0.003053	-0.002067	-0.001081
2019.10.27 20:14:08.174	-0.001409	-0.003053	-0.003053	-0.001409	-0.001409	-0.002724	-0.003710	-0.001409
2019.10.27 20:14:09.174	-0.003381	-0.003710	-0.000095	-0.002395	-0.003053	-0.003053	-0.000423	-0.002067
2019.10.27 20:14:10.174	-0.002724	-0.000095	-0.002724	-0.003710	-0.003053	-0.000095	-0.002067	-0.003381
2019.10.27 20:14:11.174	-0.003710	-0.002067	-0.001409	-0.002724	-0.003053	-0.001738	-0.001081	-0.002724
2019.10.27 20:14:12.174	-0.002067	-0.001409	-0.002067	-0.003381	-0.002395	-0.001081	-0.002067	-0.003053
2019.10.27 20:14:13.174	-0.003053	-0.003053	-0.001738	-0.001738	-0.003381	-0.003053	-0.001738	-0.001738
2019.10.27 20:14:14.174	-0.001409	-0.001081	-0.003053	-0.002724	-0.001738	-0.001738	-0.003053	-0.003053
2019.10.27 20:14:15.174	-0.003710	-0.001409	-0.001081	-0.002395	-0.003381	-0.002067	-0.001409	-0.002724
2019.10.27 20:14:16.174	-0.003381	-0.001738	-0.001409	-0.003053	-0.003381	-0.001738	-0.001081	-0.002724
2019.10.27 20:14:17.174	-0.000095	-0.002395	-0.003053	-0.003053	-0.000095	-0.002067	-0.003053	-0.003053
2019.10.27 20:14:18.174	-0.003053	-0.002067	-0.001081	-0.002395	-0.003053	-0.002067	-0.000752	-0.001738
2019.10.27 20:14:19.174	-0.003710	-0.002724	-0.000423	-0.002067	-0.003053	-0.002724	-0.000423	-0.002395
2019.10.27 20:14:20.174	-0.000423	-0.002395	-0.003381	-0.002724	-0.000095	-0.002724	-0.003381	-0.003710
2019.10.27 20:14:21.174	-0.002067	-0.003381	-0.003053	-0.000423	-0.002395	-0.003053	-0.003053	-0.000095
2019.10.27 20:14:22.174	-0.001409	-0.002395	-0.003710	-0.002724	-0.001738	-0.001738	-0.003381	-0.003381
2019.10.27 20:14:23.174	-0.001409	-0.003381	-0.003381	-0.001409	-0.001738	-0.003053	-0.003381	-0.002067
2019.10.27 20:14:24.174	-0.003053	-0.003053	-0.000423	-0.002067	-0.003381	-0.003053	-0.000752	-0.002724
2019.10.27 20:14:25.174	-0.003381	-0.002724	-0.001081	-0.002395	-0.003381	-0.002724	-0.000423	-0.002395
2019.10.27 20:14:26.174	-0.002395	-0.001738	-0.001738	-0.003381	-0.002724	-0.001081	-0.002395	-0.003381
2019.10.27 20:14:27.174	0.000234	-0.002067	-0.003381	-0.003053	0.000234	-0.002395	-0.003381	-0.003053
2019.10.27 20:14:28.174	-0.001409	-0.003053	-0.003053	-0.001081	-0.001409	-0.002724	-0.003053	-0.001738
2019.10.27 20:14:29.174	-0.003381	-0.002724	-0.000752	-0.002724	-0.003710	-0.002724	-0.000423	-0.002395
2019.10.27 20:14:30.174	-0.002724	-0.003381	-0.002395	-0.000752	-0.002724	-0.003053	-0.001738	-0.001081
2019.10.27 20:14:31.174	-0.002724	-0.002724	-0.001738	-0.001081	-0.002067	-0.002724	-0.001738	-0.001081
2019.10.27 20:14:32.174	-0.001738	-0.002724	-0.002724	-0.001409	-0.002067	-0.002724	-0.002724	-0.001738
2019.10.27 20:14:33.174	-0.002724	-0.000752	-0.002067	-0.003381	-0.002724	-0.000423	-0.002067	-0.003381
2019.10.27 20:14:34.174	-0.003053	-0.000752	-0.002067	-0.003053	-0.003053	-0.000752	-0.002724	-0.003053
2019.10.27 20:14:35.174	-0.003053	-0.002067	-0.001409	-0.002395	-0.002724	-0.002067	-0.001738	-0.002067
2019.10.27 20:14:36.174	-0.001738	-0.003710	-0.003053	-0.001409	-0.001738	-0.003381	-0.003053	-0.001738
2019.10.27 20:14:37.174	-0.003381	-0.003053	-0.000752	-0.002067	-0.003381	-0.003053	-0.000423	-0.001738
2019.10.27 20:14:38.174	-0.001738	-0.003053	-0.003381	-0.001738	-0.001738	-0.003053	-0.003710	-0.002067
2019.10.27 20:14:39.174	-0.003053	-0.003381	-0.001081	-0.002067	-0.003381	-0.003381	-0.001409	-0.002067
2019.10.27 20:14:40.174	-0.002724	-0.003053	-0.001409	-0.001738	-0.002724	-0.003053	-0.001738	-0.001409
2019.10.27 20:14:41.174	-0.003710	-0.002395	-0.001081	-0.002395	-0.003053	-0.002395	-0.000752	-0.002395
2019.10.27 20:14:42.174	-0.001409	-0.003053	-0.002724	-0.002067	-0.001409	-0.002724	-0.003381	-0.002067
2019.10.27 20:14:43.174	-0.002724	-0.001081	-0.002067	-0.003053	-0.003053	-0.001409	-0.001409	-0.003053
2019.10.27 20:14:44.174	-0.002395	-0.003053	-0.002067	-0.001081	-0.002395	-0.002724	-0.002395	-0.001081
2019.10.27 20:14:45.174	-0.003710	-0.002724	-0.001409	-0.002067	-0.003710	-0.003053	-0.001081	-0.002395
2019.10.27 20:14:46.174	-0.001409	-0.001738	-0.002724	-0.003710	-0.001738	-0.001738	-0.003053	-0.003381
2019.10.27 20:14:47.174	-0.003053	-0.000095	-0.002724	-0.003381	-0.003381	-0.000752	-0.002067	-0.003053
2019.10.27 20:14:48.174	-0.002067	-0.003381	-0.002724	-0.000423	-0.002395	-0.003053	-0.003053	-0.000423
2019.10.27 20:14:49.174	-0.002067	-0.003053	-0.003710	-0.001738	-0.001738	-0.002724	-0.004039	-0.002067
2019.10.27 20:14:50.174	-0.001738	-0.003053	-0.002395	-0.001081	-0.002067	-0.002724	-0.002395	-0.001409
2019.10.27 20:14:51.174	-0.002395	-0.002724	-0.001409	-0.001409	-0.002067	-0.002724	-0.002067	-0.001081
2019.10.27 20:14:52.174	-0.001409	-0.002067	-0.003053	-0.003053	-0.001409	-0.002067	-0.003710	-0.003381
2019.10.27 20:14:53.174	-0.002724	-0.002067	-0.001081	-0.002067	-0.002724	-0.002067	-0.001081	-0.001409
2019.10.27 20:14:54.174	-0.003381	-0.001409	-0.002067	-0.003381	-0.003053	-0.001081	-0.001738	-0.003381
2019.10.27 20:14:55.174	-0.001738	-0.003053	-0.003381	-0.000752	-0.002067	-0.003053	-0.003381	-0.001081
2019.10.27 20:14:56.174	-0.001409	-0.001738	-0.002724	-0.003381	-0.001738	-0.001738	-0.002724	-0.003710
2019.10.27 20:14:57.174	-0.002067	-0.001738	-0.002395	-0.004039	-0.002724	-0.001409	-0.002724	-0.003710
2019.10.27 20:14:58.174	-0.001738	-0.003053	-0.002724	-0.001409	-0.001738	-0.003053	-0.002724	-0.001409
2019.10.27 20:14:59.174	-0.003053	-0.003381	-0.001738	-0.001409	-0.003053	-0.003381	-0.001409	-0.001409
2019.10.27 20:15:00.174	-0.003053	-0.002067	-0.001081	-0.002724	-0.003053	-0.002067	-0.001081	-0.002724
2019.10.27 20:15:01.174	-0.002724	-0.002067	-0.001409	-0.002067	-0.003053	-0.002395	-0.001081	-0.002395
2019.10.27 20:15:02.174	-0.001081	-0.002395	-0.003381	-0.002067	-0.001409	-0.002395	-0.003053	-0.002067
2019.10.27 20:15:03.174	-0.003710	-0.003053	-0.001738	-0.001409	-0.003381	-0.003053	-0.001409	-0.001738
2019.10.27 20:15:04.174	-0.002395	-0.001738	-0.001738	-0.003053	-0.002724	-0.001409	-0.001738	-0.003381
2019.10.27 20:15:05.174	-0.001738	-0.000752	-0.002067	-0.003053	-0.001738	-0.001081	-0.002724	-0.002395
2019.10.27 20:15:06.174	-0.003381	-0.003381	-0.001081	-0.002067	-0.003053	-0.003381	-0.001738	-0.001738
2019.10.27 20:15:07.174	-0.003710	-0.001409	-0.001738	-0.003053	-0.004039	-0.001738	-0.001409	-0.003053
2019.10.27 20:15:08.174	-0.003381	-0.003381	-0.000752	-0.002067	-0.003053	-0.002724	-0.000752	-0.001738
2019.10.27 20:15:09.174	-0.002395	-0.000095	-0.002395	-0.003381	-0.002395	-0.000423	-0.002724	-0.003053
2019.10.27 20:15:10.174	-0.003053	-0.003053	-0.002724	-0.000752	-0.002724	-0.003381	-0.003053	-0.000423
2019.10.27 20:15:11.174	-0.001409	-0.002724	-0.003710	-0.002724	-0.001738	-0.002395	-0.003381	-0.003053
2019.10.27 20:15:12.174	-0.002395	-0.000752	-0.002395	-0.003381	-0.002724	-0.000423	-0.002395	-0.003381
2019.10.27 20:15:13.174	-0.002395	-0.001738	-0.002724	-0.003710	-0.002067	-0.001738	-0.002724	-0.003381
2019.10.27 20:15:14.174	-0.001081	-0.002724	-0.003053	-0.001738	-0.001081	-0.002724	-0.003053	-0.003053
2019.10.27 20:15:15.174	-0.001409	-0.003053	-0.003053	-0.001081	-0.002067	-0.002724	-0.003381	-0.001409
2019.10.27 20:15:16.174	-0.003381	-0.001081	-0.001738	-0.003381	-0.003053	-0.001409	-0.001409	-0.003381
2019.10.27 20:15:17.174	-0.001081	-0.003381	-0.002395	-0.001409	-0.001738	-0.002724	-0.003053	-0.001738
2019.10.27 20:15:18.174	-0.002067	-0.003710	-0.002724	-0.000423	-0.002724	-0.003710	-0.003053	-0.000423
2019.10.27 20:15:19.174	-0.002067	-0.004039	-0.002724	-0.001409	-0.002067	-0.003381	-0.003053	-0.001409
2019.10.27 20:15:20.174	-0.001738	-0.002395	-0.003710	-0.003053	-0.001738	-0.002067	-0.003381	-0.002395
2019.10.27 20:15:21.174	-0.000752	-0.002724	-0.003053	-0.002395	-0.000752	-0.002395	-0.002724	-0.001738
2019.10.27 20:15:22.174	-0.002724	-0.003710	-0.002395	-0.001409	-0.002395	-0.003381	-0.002724	-0.001081
2019.10.27 20:15:23.174	-0.001409	-0.002395	-0.002724	-0.002067	-0.001081	-0.002724	-0.003053	-0.002067
2019.10.27 20:15:24.174	-0.003710	-0.000752	-0.002395	-0.002724	-0.003710	-0.001738	-0.001738	-0.003053
2019.10.27 20:15:25.174	-0.003381	-0.003710	-0.000752	-0.002067	-0.003381	-0.003381	-0.000752	-0.002067
2019.10.27 20:15:26.174	-0.002067	-0.001738	-0.001738	-0.002724	-0.002724	-0.001409	-0.002067	-0.003053
2019.10.27 20:15:27.174	-0.001738	-0.003053	-0.002395	-0.001081	-0.001738	-0.002724	-0.002724	-0.001738
2019.10.27 20:15:28.174	-0.001409	-0.003053	-0.003381	-0.001738	-0.001738	-0.003381	-0.003053	-0.001738
2019.10.27 20:15:29.174	-0.003381	-0.000095	-0.002067	-0.003053	-0.003381	-0.000423	-0.001409	-0.003381
2019.10.27 20:15:30.174	-0.003381	-0.002395	-0.001409	-0.002395	-0.003381	-0.002724	-0.001409	-0.002395
2019.10.27 20:15:31.174	-0.003710	-0.001738	-0.002067	-0.003053	-0.003710	-0.002067	-0.001738	-0.002724
2019.10.27 20:15:32.174	-0.001081	-0.002724	-0.003710	-0.002395	-0.000752	-0.002724	-0.003053	-0.002395
2019.10.27 20:15:33.174	-0.002724	-0.003710	-0.002724	-0.000752	-0.002724	-0.003381	-0.003053	0.000234
2019.10.27 20:15:34.174	-0.003053	-0.002067	-0.001081	-0.002067	-0.003053	-0.002067	-0.001409	-0.002067
2019.10.27 20:15:35.174	-0.003053	-0.002067	-0.001081	-0.003053	-0.003053	-0.002067	-0.001081	-0.002395
2019.10.27 20:15:36.174	-0.001081	-0.002395	-0.003053	-0.002724	-0.001409	-0.002395	-0.003710	-0.002395
2019.10.27 20:15:37.174	-0.003053	-0.002724	-0.000423	-0.002067	-0.003053	-0.002724	-0.001409	-0.002395
2019.10.27 20:15:38.174	-0.002724	-0.003381	-0.001738	-0.001409	-0.002724	-0.003381	-0.002067	-0.002067
2019.10.27 20:15:39.174	-0.001409	-0.001409	-0.002395	-0.003381	-0.002067	-0.001409	-0.002724	-0.003710
2019.10.27 20:15:40.174	-0.003381	-0.001409	-0.001409	-0.003053	-0.003381	-0.001409	-0.000752	-0.002395
2019.10.27 20:15:41.174	-0.003053	-0.002395	-0.001409	-0.001409	-0.003053	-0.003053	-0.001081	-0.001409
2019.10.27 20:15:42.174	-0.001409	-0.001409	-0.003053	-0.003710	-0.001081	-0.001409	-0.002395	-0.003381
2019.10.27 20:15:43.174	-0.002724	-0.001738	-0.001409	-0.002724	-0.003053	-0.001409	-0.001738	-0.003053
2019.10.27 20:15:44.174	-0.003053	-0.003381	-0.002067	-0.001738	-0.003053	-0.003381	-0.002395	-0.001738
2019.10.27 20:15:45.174	-0.003710	-0.002724	-0.001738	-0.002395	-0.003381	-0.002724	-0.001738	-0.002395
2019.10.27 20:15:46.174	-0.001409	-0.001409	-0.003381	-0.003381	-0.001409	-0.001738	-0.003381	-0.003381
2019.10.27 20:15:47.174	-0.002724	-0.003381	-0.002067	-0.001409	-0.002724	-0.003381	-0.002067	-0.001409
2019.10.27 20:15:48.174	-0.001409	-0.001409	-0.003381	-0.002724	-0.001409	-0.001409	-0.002724	-0.003053
2019.10.27 20:15:49.174	-0.001738	-0.001409	-0.002724	-0.003710	-0.001738	-0.001081	-0.002724	-0.003053
2019.10.27 20:15:50.174	-0.002067	-0.000752	-0.002724	-0.003381	-0.002395	-0.001081	-0.002724	-0.003053
2019.10.27 20:15:51.174	-0.002395	-0.003381	-0.003053	-0.001738	-0.002724	-0.003381	-0.002724	-0.001409
2019.10.27 20:15:52.174	-0.001738	-0.002724	-0.002724	-0.000752	-0.001738	-0.003053	-0.003053	-0.001081
2019.10.27 20:15:53.174	-0.003710	-0.000095	-0.002067	-0.003381	-0.003381	-0.001738	-0.002067	-0.003053
2019.10.27 20:15:54.174	-0.002724	-0.001409	-0.001738	-0.002724	-0.002724	-0.001738	-0.001081	-0.002724
2019.10.27 20:15:55.174	-0.000752	-0.002067	-0.003381	-0.003381	-0.000752	-0.002067	-0.002724	-0.003710
2019.10.27 20:15:56.174	-0.000423	-0.002724	-0.003053	-0.003053	-0.000095	-0.002067	-0.003053	-0.003710
2019.10.27 20:15:57.174	-0.003381	-0.003053	-0.000095	-0.002395	-0.003381	-0.003381	-0.000423	-0.002395
2019.10.27 20:15:58.174	-0.003710	-0.002724	-0.002067	-0.002395	-0.003381	-0.002724	-0.001081	-0.002395
2019.10.27 20:15:59.174	-0.003381	-0.002395	-0.000423	-0.002724	-0.003053	-0.003053	-0.000752	-0.002724
2019.10.27 20:16:00.174	-0.003381	-0.002067	-0.001081	-0.002395	-0.002395	-0.002395	-0.000752	-0.002067
2019.10.27 20:16:01.174	-0.003053	-0.000423	-0.002067	-0.003710	-0.002724	-0.000752	-0.002395	-0.003053
2019.10.27 20:16:02.174	-0.001409	-0.001738	-0.003053	-0.002724	-0.001738	-0.001738	-0.002724	-0.003053
2019.10.27 20:16:03.174	-0.003381	-0.003053	-0.001738	-0.001738	-0.003381	-0.003710	-0.002395	-0.001409
2019.10.27 20:16:04.174	-0.002067	-0.003053	-0.002724	-0.001081	-0.002067	-0.003053	-0.002724	-0.001081
2019.10.27 20:16:05.174	-0.001738	-0.003053	-0.002724	-0.001081	-0.001738	-0.002724	-0.002724	-0.001409
2019.10.27 20:16:06.174	-0.000423	-0.003053	-0.003381	-0.003053	-0.001081	-0.002067	-0.003381	-0.003053
2019.10.27 20:16:07.174	-0.003053	-0.001738	-0.002067	-0.003710	-0.003053	-0.001081	-0.001738	-0.003710
2019.10.27 20:16:08.174	-0.002067	-0.001409	-0.002724	-0.003710	-0.002395	-0.001738	-0.002395	-0.003710
2019.10.27 20:16:09.174	-0.002067	-0.003053	-0.003053	-0.000752	-0.002067	-0.003381	-0.003053	-0.001081
2019.10.27 20:16:10.174	-0.002395	-0.000095	-0.002724	-0.003710	-0.002724	-0.000423	-0.002724	-0.003053
2019.10.27 20:16:11.174	-0.003381	-0.003053	-0.002395	-0.001081	-0.003053	-0.002724	-0.001409	-0.001738
2019.10.27 20:16:12.174	-0.002724	-0.003381	-0.001409	-0.001738	-0.003053	-0.003053	-0.001738	-0.001738
2019.10.27 20:16:13.174	-0.003053	-0.003381	-0.001738	-0.001738	-0.003053	-0.003710	-0.002067	-0.001738
2019.10.27 20:16:14.174	-0.003053	-0.003053	-0.000752	-0.002067	-0.003381	-0.003053	-0.001081	-0.001738
2019.10.27 20:16:15.174	-0.003053	-0.002067	-0.000752	-0.002067	-0.003053	-0.002724	-0.001081	-0.002067
2019.10.27 20:16:16.174	-0.003381	-0.003381	-0.001081	-0.001081	-0.003053	-0.003381	-0.001409	-0.001081
2019.10.27 20:16:17.174	-0.001081	-0.002724	-0.003053	-0.002395	-0.000752	-0.002724	-0.003381	-0.002067
2019.10.27 20:16:18.174	-0.002724	-0.003710	-0.003053	-0.001409	-0.002067	-0.002724	-0.003710	-0.001738
2019.10.27 20:16:19.174	-0.002724	-0.001738	-0.002067	-0.003710	-0.003053	-0.001409	-0.002395	-0.003710
2019.10.27 20:16:20.174	-0.002067	-0.000752	-0.002395	-0.003053	-0.002395	-0.001409	-0.002067	-0.003381
2019.10.27 20:16:21.174	-0.001738	-0.001081	-0.002724	-0.003710	-0.001409	-0.001409	-0.002724	-0.003381
2019.10.27 20:16:22.174	-0.001738	-0.002067	-0.003381	-0.003381	-0.001738	-0.002067	-0.003710	-0.003053
2019.10.27 20:16:23.174	-0.001409	-0.003053	-0.003053	-0.001409	-0.001081	-0.002395	-0.003053	-0.002395
2019.10.27 20:16:24.174	-0.002724	-0.003053	-0.002067	-0.001081	-0.002067	-0.002724	-0.002067	-0.001409
2019.10.27 20:16:25.174	-0.001081	-0.003053	-0.003053	-0.002067	-0.001081	-0.002395	-0.003710	-0.002067
2019.10.27 20:16:26.174	-0.003053	-0.003381	-0.001738	-0.001738	-0.003381	-0.003053	-0.001409	-0.001738
2019.10.27 20:16:27.174	-0.002724	-0.000095	-0.002067	-0.003381	-0.003053	-0.000752	-0.002067	-0.003053
2019.10.27 20:16:28.174	-0.001738	-0.001409	-0.002724	-0.003381	-0.002067	-0.001409	-0.003053	-0.003381
2019.10.27 20:16:29.174	-0.002067	-0.002724	-0.002395	-0.001081	-0.002067	-0.003053	-0.002395	-0.001409
2019.10.27 20:16:30.174	-0.002395	-0.002724	-0.002067	-0.001738	-0.002067	-0.002724	-0.002395	-0.001081
2019.10.27 20:16:31.174	-0.003710	-0.002395	-0.001081	-0.002724	-0.003710	-0.002067	-0.001081	-0.003053
2019.10.27 20:16:32.174	-0.002067	-0.003710	-0.003053	-0.001409	-0.001409	-0.003710	-0.003381	-0.001409
2019.10.27 20:16:33.174	-0.000752	-0.002067	-0.003381	-0.003710	-0.002724	-0.001738	-0.002724	-0.003381
2019.10.27 20:16:34.174	-0.001738	-0.001409	-0.002724	-0.003053	-0.002724	-0.001081	-0.002067	-0.003053
2019.10.27 20:16:35.174	-0.002395	-0.000095	-0.002067	-0.003710	-0.002724	-0.000423	-0.002395	-0.003381
2019.10.27 20:16:36.174	-0.002724	-0.003710	-0.001738	-0.002067	-0.003053	-0.003381	-0.002724	-0.001409
2019.10.27 20:16:37.174	-0.002724	-0.003381	-0.001409	-0.001081	-0.003053	-0.003053	-0.001738	-0.001081
2019.10.27 20:16:38.174	-0.003381	-0.003710	-0.001738	-0.001738	-0.003053	-0.003710	-0.002067	-0.001409
2019.10.27 20:16:39.174	0.000234	-0.002067	-0.003053	-0.003053	-0.000095	-0.002395	-0.003381	-0.003053
2019.10.27 20:16:40.174	-0.001409	-0.002395	-0.003053	-0.002395	-0.001081	-0.002067	-0.002724	-0.002067
2019.10.27 20:16:41.174	-0.001081	-0.002395	-0.002724	-0.002395	-0.001081	-0.002395	-0.003053	-0.002067
2019.10.27 20:16:42.174	-0.003053	-0.001738	-0.002067	-0.003710	-0.003381	-0.001409	-0.001738	-0.003053
2019.10.27 20:16:43.174	-0.003053	-0.000752	-0.002724	-0.003381	-0.002724	-0.000423	-0.002395	-0.003053
2019.10.27 20:16:44.174	-0.000752	-0.001738	-0.003053	-0.002724	-0.001409	-0.002067	-0.002724	-0.003381
2019.10.27 20:16:45.174	-0.003053	-0.000423	-0.002067	-0.003710	-0.002724	-0.001081	-0.002395	-0.003381
2019.10.27 20:16:46.174	-0.003053	-0.002395	-0.001409	-0.002395	-0.002724	-0.002395	-0.001081	-0.002395
2019.10.27 20:16:47.174	-0.001409	-0.003053	-0.002724	-0.002067	-0.001081	-0.002724	-0.002724	-0.002067
2019.10.27 20:16:48.174	-0.000095	-0.002395	-0.003053	-0.003381	-0.000423	-0.002067	-0.003053	-0.003381
2019.10.27 20:16:49.174	-0.002067	-0.003053	-0.002724	-0.001081	-0.001738	-0.003053	-0.002395	-0.001409
2019.10.27 20:16:50.174	-0.003053	-0.003053	-0.002067	-0.001409	-0.003053	-0.002724	-0.001738	-0.001081
2019.10.27 20:16:51.174	-0.003710	-0.003053	-0.001738	-0.002067	-0.003710	-0.003381	-0.001738	-0.002067
2019.10.27 20:16:52.174	-0.002395	-0.001409	-0.002724	-0.003381	-0.002067	-0.000752	-0.002067	-0.003381
2019.10.27 20:16:53.174	-0.002724	-0.003710	-0.002395	-0.001738	-0.002395	-0.004039	-0.002724	-0.001409
2019.10.27 20:16:54.174	-0.003053	-0.002724	-0.001409	-0.002067	-0.003381	-0.002395	-0.001081	-0.002395
2019.10.27 20:16:55.174	-0.001738	-0.003053	-0.003381	-0.001409	-0.001409	-0.002724	-0.003710	-0.001738
2019.10.27 20:16:56.174	-0.003053	-0.003381	-0.001409	-0.001738	-0.002724	-0.003381	-0.001738	-0.001409
2019.10.27 20:16:57.174	-0.001738	-0.001081	-0.003053	-0.003710	-0.002067	-0.001409	-0.002724	-0.003381
2019.10.27 20:16:58.174	-0.003710	-0.002067	-0.001081	-0.002724	-0.003381	-0.001738	-0.001081	-0.002724
2019.10.27 20:16:59.174	-0.003381	-0.000752	-0.002067	-0.003381	-0.003381	-0.001081	-0.001738	-0.003381
2019.10.27 20:17:00.174	-0.002067	-0.002724	-0.002395	-0.001409	-0.002067	-0.002395	-0.002067	-0.001409
2019.10.27 20:17:01.174	-0.004039	-0.002067	-0.001409	-0.003710	-0.003381	-0.001738	-0.001081	-0.003053
2019.10.27 20:17:02.174	-0.002067	-0.003710	-0.003053	-0.001409	-0.002067	-0.003381	-0.003053	-0.001409
2019.10.27 20:17:03.174	-0.002724	-0.003710	-0.002724	-0.001738	-0.002067	-0.003381	-0.003053	-0.001738
2019.10.27 20:17:04.174	-0.001738	-0.001738	-0.003053	-0.003381	-0.002067	-0.001081	-0.002724	-0.003381
2019.10.27 20:17:05.174	-0.003381	-0.002067	-0.001081	-0.002395	-0.002724	-0.002067	-0.001081	-0.002395
2019.10.27 20:17:06.174	-0.002724	-0.001409	-0.002067	-0.003710	-0.003053	-0.001738	-0.002067	-0.003710
2019.10.27 20:17:07.174	-0.002724	-0.003381	-0.001738	-0.001081	-0.003053	-0.003381	-0.002067	-0.001081
2019.10.27 20:17:08.174	-0.000752	-0.001738	-0.002724	-0.003710	-0.000752	-0.001738	-0.003381	-0.004039
2019.10.27 20:17:09.174	-0.002724	-0.002067	-0.000752	-0.002395	-0.002724	-0.002395	-0.001409	-0.002067
2019.10.27 20:17:10.174	-0.001409	-0.002067	-0.002724	-0.001738	-0.001081	-0.002724	-0.003381	-0.002067
2019.10.27 20:17:11.174	-0.000752	-0.001738	-0.003381	-0.003710	-0.001738	-0.002067	-0.002724	-0.003710
2019.10.27 20:17:12.174	-0.002067	-0.002724	-0.003710	-0.002395	-0.001738	-0.002724	-0.003710	-0.002395
2019.10.27 20:17:13.174	-0.002724	-0.002395	-0.001081	-0.002067	-0.003053	-0.002395	-0.001409	-0.001738
2019.10.27 20:17:14.174	-0.001738	-0.002067	-0.003053	-0.002395	-0.001409	-0.002067	-0.003053	-0.002395
2019.10.27 20:17:15.174	-0.002724	-0.002067	-0.002724	-0.003381	-0.002724	-0.001738	-0.002067	-0.003710
2019.10.27 20:17:16.174	-0.003053	-0.002395	-0.001081	-0.001738	-0.003053	-0.002724	-0.001738	-0.001409
2019.10.27 20:17:17.174	-0.002724	-0.000095	-0.002395	-0.003381	-0.003053	-0.000423	-0.001738	-0.002395
2019.10.27 20:17:18.174	-0.000095	-0.002067	-0.003381	-0.003053	-0.000095	-0.002724	-0.003053	-0.003381
2019.10.27 20:17:19.174	-0.002724	-0.001738	-0.002395	-0.003381	-0.002724	-0.001409	-0.002395	-0.003710
2019.10.27 20:17:20.174	-0.003710	-0.003381	-0.001409	-0.001738	-0.003053	-0.003381	-0.001409	-0.001081
2019.10.27 20:17:21.174	-0.003053	-0.001738	-0.001409	-0.003053	-0.003053	-0.001738	-0.001409	-0.002724
2019.10.27 20:17:22.174	-0.000423	-0.002067	-0.003053	-0.003053	-0.000423	-0.002395	-0.003053	-0.003710
2019.10.27 20:17:23.174	-0.003381	-0.001409	-0.001738	-0.002724	-0.003710	-0.002067	-0.001081	-0.002724
2019.10.27 20:17:24.174	-0.001738	-0.001081	-0.003053	-0.002724	-0.001738	-0.001409	-0.002395	-0.002724
2019.10.27 20:17:25.174	-0.001738	-0.003381	-0.003053	-0.001081	-0.002067	-0.003053	-0.002724	-0.001081
2019.10.27 20:17:26.174	-0.003710	-0.003053	-0.001409	-0.001409	-0.003710	-0.003381	-0.001409	-0.001738
2019.10.27 20:17:27.174	-0.000752	-0.003053	-0.003381	-0.002067	-0.000423	-0.002724	-0.003381	-0.002395
2019.10.27 20:17:28.174	-0.002724	-0.003053	-0.001738	-0.001409	-0.002395	-0.003053	-0.001738	-0.001081
2019.10.27 20:17:29.174	-0.001081	-0.002067	-0.003053	-0.002067	-0.000752	-0.002067	-0.003053	-0.002067
2019.10.27 20:17:30.174	-0.003710	-0.003053	-0.001409	-0.002067	-0.003710	-0.003053	-0.001738	-0.001409
2019.10.27 20:17:31.174	-0.001081	-0.001409	-0.003381	-0.003053	-0.001409	-0.001738	-0.003381	-0.003381
2019.10.27 20:17:32.174	-0.003381	-0.001409	-0.001738	-0.002724	-0.003381	-0.002067	-0.001738	-0.003053
2019.10.27 20:17:33.174	-0.002724	-0.001738	-0.000752	-0.002067	-0.003053	-0.002067	-0.001409	-0.002067
2019.10.27 20:17:34.174	-0.001409	-0.001409	-0.002395	-0.003710	-0.002067	-0.001081	-0.002724	-0.003053
2019.10.27 20:17:35.174	-0.003053	-0.003053	-0.002067	-0.001081	-0.002724	-0.003053	-0.002067	-0.001081
2019.10.27 20:17:36.174	-0.002724	-0.003710	-0.003053	-0.001738	-0.001738	-0.003381	-0.003381	-0.001409
2019.10.27 20:17:37.174	-0.001738	-0.002724	-0.003381	-0.002067	-0.002067	-0.002724	-0.003381	-0.001738
2019.10.27 20:17:38.174	-0.002067	-0.000752	-0.002067	-0.003053	-0.002395	-0.001409	-0.002067	-0.003053
2019.10.27 20:17:39.174	-0.003381	-0.002395	-0.001738	-0.002067	-0.003053	-0.002395	-0.001409	-0.001738
2019.10.27 20:17:40.174	-0.003710	-0.002724	-0.001409	-0.002395	-0.003710	-0.002724	-0.001409	-0.002067
2019.10.27 20:17:41.174	-0.003053	-0.002067	-0.000752	-0.002395	-0.002724	-0.002067	-0.001081	-0.001409
2019.10.27 20:17:42.174	-0.001409	-0.002395	-0.003710	-0.003053	-0.001738	-0.002067	-0.003381	-0.002724
2019.10.27 20:17:43.174	-0.002724	-0.001738	-0.002395	-0.003710	-0.002724	-0.001409	-0.002395	-0.003710
2019.10.27 20:17:44.174	-0.001081	-0.002724	-0.003053	-0.002395	-0.001081	-0.002067	-0.003381	-0.002724
2019.10.27 20:17:45.174	-0.002067	-0.002724	-0.003381	-0.001738	-0.001409	-0.002724	-0.003710	-0.002067
2019.10.27 20:17:46.174	-0.003053	-0.002067	-0.001409	-0.001738	-0.003053	-0.002724	-0.001738	-0.001409
2019.10.27 20:17:47.174	-0.000095	-0.002724	-0.003381	-0.002395	0.000234	-0.002724	-0.003053	-0.003053
2019.10.27 20:17:48.174	-0.001738	-0.001081	-0.002724	-0.003710	-0.001738	-0.001409	-0.002724	-0.003053
2019.10.27 20:17:49.174	-0.003381	-0.003381	-0.001081	-0.001738	-0.003381	-0.003053	-0.001409	-0.001738
2019.10.27 20:17:50.174	-0.001409	-0.001409	-0.002724	-0.002724	-0.001081	-0.001738	-0.003381	-0.002724
2019.10.27 20:17:51.174	-0.002067	-0.003381	-0.003381	-0.000752	-0.002395	-0.003053	-0.003053	-0.000752
2019.10.27 20:17:52.174	-0.002395	-0.003381	-0.001738	-0.001081	-0.002724	-0.002724	-0.002395	-0.001081
2019.10.27 20:17:53.174	-0.001081	-0.001738	-0.003053	-0.003381	-0.001409	-0.001738	-0.002724	-0.003710
2019.10.27 20:17:54.174	-0.002724	-0.002724	-0.002395	-0.000752	-0.002724	-0.003053	-0.002395	-0.000423
2019.10.27 20:17:55.174	-0.002067	-0.003053	-0.002395	-0.000752	-0.002067	-0.002724	-0.002395	-0.001409
2019.10.27 20:17:56.174	-0.003381	-0.002067	-0.001409	-0.003053	-0.003710	-0.002395	-0.001081	-0.003053
2019.10.27 20:17:57.174	-0.000752	-0.002724	-0.003381	-0.002067	-0.000752	-0.002724	-0.003053	-0.003053
2019.10.27 20:17:58.174	-0.001738	-0.003053	-0.003381	-0.000752	-0.002067	-0.003053	-0.003053	-0.000752
2019.10.27 20:17:59.174	-0.002724	-0.003381	-0.001738	-0.001081	-0.003381	-0.003053	-0.001738	-0.001081
2019.10.27 20:18:00.174	0.000234	-0.002395	-0.003053	-0.003053	-0.000095	-0.002395	-0.003381	-0.003053
2019.10.27 20:18:01.174	-0.001409	-0.001409	-0.002724	-0.003381	-0.001409	-0.001738	-0.003053	-0.003053
2019.10.27 20:18:02.174	-0.002724	-0.000423	-0.002067	-0.003381	-0.002724	-0.000423	-0.002395	-0.003053
2019.10.27 20:18:03.174	-0.001409	-0.003053	-0.003053	-0.001738	-0.001409	-0.002724	-0.003381	-0.002395
2019.10.27 20:18:04.174	-0.001738	-0.003053	-0.003053	-0.000752	-0.001409	-0.003053	-0.003710	-0.002067
2019.10.27 20:18:05.174	-0.001081	-0.002067	-0.003053	-0.003053	-0.001081	-0.001738	-0.003381	-0.003053
2019.10.27 20:18:06.174	-0.001409	-0.002724	-0.003053	-0.001738	-0.001409	-0.002067	-0.002724	-0.002067
2019.10.27 20:18:07.174	-0.002067	-0.003381	-0.003053	-0.001738	-0.002067	-0.003381	-0.002724	-0.001409
2019.10.27 20:18:08.174	-0.003381	-0.003053	-0.000752	-0.002067	-0.003381	-0.003053	-0.000423	-0.002067
2019.10.27 20:18:09.174	-0.002395	-0.001081	-0.002067	-0.002724	-0.002395	-0.001081	-0.002067	-0.003381
2019.10.27 20:18:10.174	-0.002395	-0.003381	-0.002395	-0.000423	-0.002395	-0.003381	-0.002724	-0.000752
2019.10.27 20:18:11.174	-0.000423	-0.002067	-0.003053	-0.002724	0.000234	-0.002067	-0.003710	-0.002724
2019.10.27 20:18:12.174	-0.002395	-0.002067	-0.001738	-0.003381	-0.003053	-0.001409	-0.002067	-0.003710
2019.10.27 20:18:13.174	-0.003053	-0.003381	-0.001738	-0.001738	-0.002724	-0.003053	-0.001738	-0.001409
2019.10.27 20:18:14.174	-0.002724	-0.003053	-0.002724	-0.000752	-0.002395	-0.003381	-0.002724	-0.000423
2019.10.27 20:18:15.174	-0.003710	-0.003053	-0.001409	-0.001738	-0.003710	-0.003381	-0.001409	-0.002067
2019.10.27 20:18:16.174	-0.001738	-0.001409	-0.002724	-0.003381	-0.001738	-0.001409	-0.002395	-0.003053
2019.10.27 20:18:17.174	-0.003381	-0.002724	-0.002067	-0.002395	-0.003710	-0.002724	-0.001409	-0.002395
2019.10.27 20:18:18.174	-0.001409	-0.002724	-0.003381	-0.001409	-0.001738	-0.002724	-0.003710	-0.001738
2019.10.27 20:18:19.174	-0.001738	-0.000752	-0.003381	-0.003710	-0.002067	-0.001409	-0.003053	-0.003381
2019.10.27 20:18:20.174	-0.004039	-0.001738	-0.001738	-0.002724	-0.003710	-0.002067	-0.001738	-0.002724
2019.10.27 20:18:21.174	-0.002395	-0.002724	-0.002395	-0.000095	-0.002395	-0.003381	-0.003053	-0.000095
2019.10.27 20:18:22.174	-0.003053	-0.001081	-0.001738	-0.003710	-0.003710	-0.001409	-0.001409	-0.002395
2019.10.27 20:18:23.174	-0.004039	-0.003053	-0.001409	-0.002067	-0.003710	-0.003381	-0.001081	-0.001738
2019.10.27 20:18:24.174	-0.001409	-0.002724	-0.004039	-0.002724	-0.001738	-0.002395	-0.003381	-0.002395
2019.10.27 20:18:25.174	-0.003053	-0.001409	-0.001409	-0.003710	-0.003381	-0.002067	-0.001081	-0.003053
2019.10.27 20:18:26.174	-0.001738	-0.001738	-0.003381	-0.003053	-0.001409	-0.002067	-0.003053	-0.002724
2019.10.27 20:18:27.174	-0.003053	-0.002395	-0.001081	-0.001738	-0.003053	-0.002724	-0.002395	-0.000423
2019.10.27 20:18:28.174	-0.001409	-0.003053	-0.003710	-0.001409	-0.001409	-0.002067	-0.003381	-0.001738
2019.10.27 20:18:29.174	-0.000423	-0.002067	-0.003381	-0.003381	-0.000752	-0.002067	-0.003053	-0.003053
2019.10.27 20:18:30.174	-0.003053	-0.002067	-0.001081	-0.003053	-0.003053	-0.002395	-0.001081	-0.002724
2019.10.27 20:18:31.174	-0.003381	-0.001738	-0.001081	-0.003381	-0.003710	-0.001738	-0.001738	-0.003053
2019.10.27 20:18:32.174	-0.002067	-0.003053	-0.003381	-0.000752	-0.001738	-0.003381	-0.003053	-0.001081
2019.10.27 20:18:33.174	-0.003381	-0.001738	-0.001738	-0.003381	-0.003381	-0.002067	-0.001738	-0.003381
2019.10.27 20:18:34.174	-0.001738	-0.003053	-0.003381	-0.001409	-0.001738	-0.002724	-0.003381	-0.001409
2019.10.27 20:18:35.174	-0.003381	-0.002067	-0.001409	-0.002395	-0.003053	-0.002067	-0.000752	-0.003053
2019.10.27 20:18:36.174	-0.001409	-0.003710	-0.003381	-0.001738	-0.001409	-0.002724	-0.003053	-0.002067
2019.10.27 20:18:37.174	-0.001409	-0.003053	-0.003381	-0.001738	-0.001409	-0.003053	-0.003710	-0.001409
2019.10.27 20:18:38.174	-0.003053	-0.002724	-0.001738	-0.001081	-0.002724	-0.003053	-0.002395	-0.001081
2019.10.27 20:18:39.174	-0.002395	-0.000752	-0.001738	-0.002724	-0.002395	-0.000752	-0.002067	-0.003053
2019.10.27 20:18:40.174	-0.002395	-0.001409	-0.002395	-0.003381	-0.002395	-0.001081	-0.001738	-0.002724
2019.10.27 20:18:41.174	-0.001738	-0.002395	-0.004039	-0.002724	-0.001409	-0.002067	-0.003710	-0.002724
2019.10.27 20:18:42.174	-0.004039	-0.002724	-0.001409	-0.002395	-0.004039	-0.002724	-0.001081	-0.002395
2019.10.27 20:18:43.174	-0.002395	-0.003381	-0.003381	-0.000095	-0.002067	-0.003053	-0.003381	-0.000752
2019.10.27 20:18:44.174	-0.002724	-0.003053	-0.001738	-0.001081	-0.002395	-0.003053	-0.002067	-0.001409
2019.10.27 20:18:45.174	-0.001738	-0.003053	-0.003053	-0.001409	-0.001409	-0.002724	-0.003381	-0.001409
2019.10.27 20:18:46.174	-0.003053	-0.000752	-0.002395	-0.003053	-0.003053	-0.001738	-0.001738	-0.003053
2019.10.27 20:18:47.174	-0.003381	-0.002724	-0.001081	-0.002395	-0.003053	-0.002067	-0.001409	-0.002724
2019.10.27 20:18:48.174	-0.003053	-0.002067	-0.001409	-0.002395	-0.003710	-0.002395	-0.000752	-0.002724
2019.10.27 20:18:49.174	-0.002067	-0.003381	-0.003053	-0.000423	-0.002067	-0.003381	-0.003053	-0.000423
2019.10.27 20:18:50.174	-0.003053	-0.001409	-0.002067	-0.003710	-0.003053	-0.001409	-0.001738	-0.003710
2019.10.27 20:18:51.174	-0.003381	-0.002067	-0.001081	-0.002395	-0.002724	-0.001738	-0.001081	-0.002395
2019.10.27 20:18:52.174	-0.001409	-0.003381	-0.002724	-0.001738	-0.001738	-0.003053	-0.003053	-0.001409
2019.10.27 20:18:53.174	-0.004039	-0.003053	-0.001738	-0.002067	-0.003053	-0.003710	-0.001409	-0.001738
2019.10.27 20:18:54.174	-0.003710	-0.003053	-0.001409	-0.002395	-0.003710	-0.002724	-0.001409	-0.002067
2019.10.27 20:18:55.174	-0.003053	-0.001409	-0.001409	-0.003053	-0.003381	-0.001738	-0.001738	-0.003381
2019.10.27 20:18:56.174	-0.000752	-0.002067	-0.003381	-0.002395	-0.001081	-0.002067	-0.003053	-0.002724
2019.10.27 20:18:57.174	-0.001409	-0.003053	-0.003381	-0.001738	-0.001409	-0.003381	-0.004039	-0.001738
2019.10.27 20:18:58.174	-0.003381	-0.002067	-0.001081	-0.002724	-0.003710	-0.002067	-0.002067	-0.003053
2019.10.27 20:18:59.174	-0.002395	-0.002395	-0.001081	-0.002067	-0.003053	-0.002395	-0.001409	-0.002067
2019.10.27 20:19:00.174	-0.002724	-0.003053	-0.002395	-0.000752	-0.002067	-0.003053	-0.002395	-0.000752
2019.10.27 20:19:01.174	-0.003053	-0.003053	-0.002395	-0.000095	-0.002395	-0.003381	-0.002724	-0.000095
2019.10.27 20:19:02.174	-0.002395	-0.001409	-0.002067	-0.003053	-0.003053	-0.001409	-0.001738	-0.003053
2019.10.27 20:19:03.174	-0.003710	-0.003381	-0.002067	-0.001409	-0.001409	-0.003710	-0.003053	-0.001081
2019.10.27 20:19:04.174	-0.003710	-0.003381	-0.001738	-0.002067	-0.003381	-0.003710	-0.001738	-0.002067
2019.10.27 20:19:05.174	-0.002395	-0.001409	-0.002724	-0.003710	-0.002724	-0.001738	-0.002395	-0.003381
2019.10.27 20:19:06.174	-0.001738	-0.003053	-0.003381	-0.001409	-0.001738	-0.002724	-0.003381	-0.001409
2019.10.27 20:19:07.174	-0.001409	-0.003381	-0.003053	-0.001738	-0.001081	-0.002724	-0.003381	-0.001409
2019.10.27 20:19:08.174	-0.003053	-0.003710	-0.001738	-0.001409	-0.002724	-0.003710	-0.001409	-0.001409
2019.10.27 20:19:09.174	-0.002395	-0.000752	-0.002395	-0.003053	-0.002724	-0.000423	-0.002395	-0.003053
2019.10.27 20:19:10.174	-0.002067	-0.001081	-0.002724	-0.002724	-0.002067	-0.001409	-0.002067	-0.002395
2019.10.27 20:19:11.174	-0.001738	-0.001409	-0.003053	-0.003053	-0.001738	-0.001081	-0.002724	-0.003381
2019.10.27 20:19:12.174	-0.003053	-0.003053	-0.000095	-0.002067	-0.003381	-0.002724	-0.000095	-0.002067
2019.10.27 20:19:13.174	-0.001409	-0.001081	-0.003053	-0.003381	-0.001738	-0.001409	-0.003053	-0.003381
2019.10.27 20:19:14.174	-0.001738	-0.001409	-0.002724	-0.003381	-0.001738	-0.001409	-0.002395	-0.003381
2019.10.27 20:19:15.174	-0.002724	-0.003381	-0.001409	-0.001081	-0.002724	-0.003381	-0.001738	-0.001409
2019.10.27 20:19:16.174	-0.002724	-0.001081	-0.002395	-0.003710	-0.002395	-0.000752	-0.002067	-0.002724
2019.10.27 20:19:17.174	-0.002724	-0.001409	-0.002395	-0.003710	-0.003053	-0.001738	-0.002395	-0.003381
2019.10.27 20:19:18.174	-0.003710	-0.002067	-0.001409	-0.002395	-0.003053	-0.002724	-0.001409	-0.002067
2019.10.27 20:19:19.174	-0.003053	-0.001409	-0.002395	-0.003381	-0.003053	-0.001409	-0.002067	-0.004039
2019.10.27 20:19:20.174	-0.001738	-0.003053	-0.003381	-0.001409	-0.001409	-0.002724	-0.003381	-0.001738
2019.10.27 20:19:21.174	-0.002724	-0.003381	-0.002724	-0.000423	-0.002395	-0.003053	-0.002724	-0.000423
2019.10.27 20:19:22.174	-0.002067	-0.001081	-0.002724	-0.003053	-0.002067	-0.001409	-0.002395	-0.003053
2019.10.27 20:19:23.174	-0.002724	-0.003710	-0.002067	-0.001738	-0.003053	-0.004039	-0.002724	-0.001409
2019.10.27 20:19:24.174	-0.001738	-0.002724	-0.003710	-0.002724	-0.001409	-0.002395	-0.003381	-0.002724
2019.10.27 20:19:25.174	-0.003381	-0.002067	-0.001738	-0.002395	-0.004039	-0.002395	-0.001409	-0.002724
2019.10.27 20:19:26.174	-0.004039	-0.001081	-0.001409	-0.003053	-0.003381	-0.001409	-0.001738	-0.003053
2019.10.27 20:19:27.174	-0.001738	-0.0023